0.189139
0.133544
0.217986
0.165542
0.166591
0.211395
0.120852
0.223556
0.191761
0.132508
0.112646
0.192059
0.224686
0.172721
0.220637
0.166787
0.182533
0.202209
0.207323
0.190363
0.221817
0.178220
0.133886
0.181222
0.168485
0.197259
0.216359
0.200811
0.193017
0.210958
0.103041
0.161311
0.174729
0.093019
0.179788
0.074454
0.212736
0.213214
0.221425
0.174185
0.153561
0.158525
0.164849
0.200984
0.195925
0.182586
0.106582
0.154539
0.201262
0.116951
0.212067
0.175719
0.223053
0.221528
0.143659
0.121780
0.104775
0.113673
0.215998
0.215887
0.158812
0.223421
0.144991
0.172275
0.056944
0.199648
0.176158
0.201669
0.219657
0.195702
0.184491
0.070772
0.204510
0.119407
0.118567
0.189710
0.122220
0.211963
0.162440
0.201016
0.199651
0.215028
0.196216
0.218181
0.173371
0.199407
0.158151
0.211726
0.173649
0.146073
0.167942
0.193788
0.189713
0.191050
0.172710
0.151421
0.193177
0.163473
0.200526
0.144145
0.215036
0.214776
0.163862
0.165133
0.122728
0.094463
0.188856
0.137531
0.188939
0.078819
0.160891
0.205115
0.203514
0.204122
0.215270
0.118028
0.162207
0.132610
0.134291
0.195425
0.192365
0.181959
0.140214
0.202190
0.152755
0.216250
0.201506
0.128566
0.207770
0.216169
0.203921
0.141735
0.138882
0.107591
0.119611
0.199021
0.223573
0.167904
0.173185
0.212868
0.153489
0.188081
0.183157
0.188567
0.209254
0.200147
0.224282
0.206325
0.114078
0.214611
0.173569
0.170946
0.134810
0.175041
0.124466
0.206891
0.210454
0.203573
0.141236
0.147409
0.120890
0.172494
0.111403
0.183881
0.191763
0.162393
0.215866
0.185308
0.220577
0.223097
0.209646
0.162553
0.161816
0.129069
0.147035
0.169247
0.198658
0.191814
0.122686
0.149813
0.118638
0.216660
0.183503
0.207542
0.175028
0.177759
0.177003
0.104596
0.125972
0.172010
0.192842
0.217066
0.138576
0.131918
0.220652
0.127032
0.153160
0.157024
0.192757
0.198756
0.223669
0.150515
0.124572
0.214112
0.125580
0.172373
0.174349
0.224483
0.186318
0.199807
0.144899
0.076123
0.142938
0.220331
0.193909
0.141207
0.183473
0.092579
0.223919
0.170300
0.187452
0.107461
0.183372
0.182487
0.186491
0.098626
0.218532
0.184381
0.201695
0.195589
0.170138
0.196728
0.190135
0.194677
0.067799
0.208536
0.100170
0.167485
0.126660
0.197921
0.177370
0.158938
0.222942
0.175785
0.173076
0.187134
0.214900
0.197850
0.154038
0.196197
0.127699
0.113396
0.172357
0.208216
0.208696
0.152226
0.187261
0.204583
0.198666
0.153365
0.207813
0.177055
0.206473
0.193532
0.167372
0.223329
0.109095
0.211235
0.145639
0.122749
0.183575
0.195766
0.177277
0.180312
0.173237
0.221061
0.167833
0.205684
0.204696
0.204007
0.191160
0.223709
0.192926
0.221534
0.224353
0.221948
0.052606
0.203583
0.186787
0.212213
0.116254
0.199192
0.219754
0.219170
0.172531
0.162764
0.189735
0.185201
0.107631
0.126920
0.203914
0.185510
0.191445
0.205957
0.151720
0.193022
0.197351
0.224282
0.128297
0.218038
0.180742
0.090990
0.200931
0.217701
0.218567
0.210329
0.225048
0.144088
0.177167
0.200638
0.172118
0.214581
0.157628
0.200223
0.204057
0.205849
0.222503
0.213506
0.202002
0.152566
0.111908
0.214805
0.212034
0.180645
0.106024
0.213042
0.223584
0.187259
0.122161
0.224153
0.111300
0.223422
0.225073
0.130582
0.123337
0.138071
0.191991
0.205178
0.216982
0.218840
0.164606
0.164392
0.120474
0.113532
0.183050
0.216804
0.221632
0.214317
0.190077
0.222869
0.193916
0.204717
0.210547
0.219993
0.109608
0.206418
0.161453
0.186168
0.168419
0.190920
0.212937
0.207607
0.222115
0.220268
0.217951
0.162856
0.190378
0.216544
0.160459
0.219340
0.208021
0.157513
0.146422
0.156624
0.202615
0.190334
0.141603
0.159062
0.224391
0.144198
0.198581
0.192911
0.198589
0.116883
0.215827
0.138287
0.168176
0.219070
0.153364
0.167579
0.216689
0.191480
0.190167
0.175881
0.219562
0.215424
0.201727
0.218232
0.147570
0.187206
0.168283
0.201000
0.159293
0.201905
0.070086
0.119867
0.199252
0.126961
0.215771
0.213092
0.175949
0.199558
0.175203
0.117052
0.216055
0.144966
0.199204
0.115379
0.136635
0.186863
0.144480
0.196918
0.223952
0.204778
0.223728
0.087970
0.193230
0.215891
0.212791
0.208529
0.198154
0.165740
0.161234
0.195313
0.194684
0.203186
0.203444
0.207443
0.191921
0.216936
0.182662
0.197265
0.163843
0.159855
0.073886
0.110821
0.149798
0.161339
0.191481
0.147495
0.223590
0.056819
0.150208
0.107237
0.216016
0.224709
0.217404
0.201795
0.106529
0.112538
0.117014
0.176505
0.218574
0.181393
0.170685
0.183115
0.215719
0.152985
0.142509
0.224760
0.191322
0.196806
0.208243
0.224057
0.170115
0.156908
0.184730
0.180321
0.218511
0.171034
0.203138
0.133751
0.118485
0.055344
0.133120
0.206518
0.140282
0.199280
0.220111
0.199947
0.112613
0.212363
0.207563
0.217612
0.159734
0.218064
0.103605
0.177729
0.170625
0.216436
0.130868
0.211497
0.148482
0.127903
0.061588
0.149219
0.211788
0.088783
0.195560
0.224744
0.191067
0.195226
0.186056
0.173069
0.194328
0.205311
0.180062
0.137199
0.188230
0.198981
0.224954
0.207912
0.156956
0.155390
0.193728
0.190106
0.181430
0.152432
0.185194
0.178394
0.167584
0.159025
0.215540
0.223029
0.181254
0.211603
0.147359
0.184359
0.191919
0.148298
0.198497
0.173806
0.195783
0.170308
0.082603
0.160221
0.199294
0.224542
0.170680
0.162528
0.106073
0.144980
0.190547
0.192280
0.188036
0.137318
0.213316
0.215998
0.114412
0.199997
0.120637
0.157660
0.215691
0.167124
0.127118
0.215775
0.186355
0.210318
0.219995
0.130824
0.180007
0.188814
0.220250
0.201136
0.224108
0.157861
0.195583
0.204536
0.178958
0.167099
0.194382
0.222496
0.125080
0.198818
0.207962
0.148004
0.134249
0.085237
0.176246
0.114648
0.182457
0.119359
0.177448
0.205466
0.214301
0.193487
0.142904
0.151919
0.151600
0.145621
0.215232
0.119410
0.188737
