0.234409
0.228541
0.254901
0.239693
0.238372
0.246345
0.372380
0.324212
0.227140
0.235902
0.365915
0.231051
0.392905
0.572949
0.364072
0.254624
0.295502
0.230154
0.261905
0.227747
0.241679
0.251290
0.233649
0.232595
0.240913
0.229751
0.305187
0.244396
0.255445
0.233327
0.244587
0.356345
0.240493
0.234564
0.252025
0.225684
0.328553
0.279209
0.229882
0.277577
0.250168
0.235852
0.231301
0.235228
0.255822
0.380405
0.321140
0.261960
0.255617
0.234547
0.252354
0.240684
0.313962
0.282758
0.253752
0.245339
0.261239
0.259041
0.248440
0.242718
0.239992
0.306622
0.239597
0.236613
0.226002
0.407351
0.254250
0.281746
0.231908
0.245400
0.256852
0.243332
0.248855
0.230676
0.250347
0.242376
0.234935
0.256580
0.257630
0.270709
0.234971
0.380027
0.256972
0.232037
0.255363
0.255324
0.237237
0.228159
0.230017
0.225619
0.229595
0.329947
0.263758
0.302184
0.237254
0.240718
0.228385
0.228252
0.258569
0.291293
0.228599
0.241433
0.307667
0.275639
0.268295
0.236679
0.228673
0.237277
0.257357
0.301027
0.230995
0.243122
0.360163
0.242818
0.226542
0.252820
0.261742
0.226185
0.269725
0.268981
0.261173
0.227485
0.242704
0.227899
0.235992
0.230602
0.266249
0.263258
0.240486
0.329193
0.235960
0.365356
0.235518
0.316465
0.255164
0.247720
0.244397
0.240381
0.234628
0.230541
0.304402
0.259335
0.245892
0.243224
0.227380
0.239481
0.276811
0.231010
0.238075
0.238244
0.228352
0.241828
0.244942
0.310487
0.257465
0.230972
0.234843
0.236265
0.314933
0.228310
0.233889
0.227478
0.268869
0.272909
0.242010
0.248746
0.234509
0.243172
0.228150
0.278350
0.393165
0.561741
0.291102
0.275784
0.259892
0.227375
0.255235
0.227138
0.255799
0.226618
0.299418
0.246836
0.253085
0.275498
0.265012
0.246795
0.265877
0.301943
0.232542
0.251500
0.286847
0.236917
0.254724
0.256691
0.252611
0.236817
0.252318
0.225239
0.290540
0.270778
0.290997
0.260088
0.232034
0.239244
0.226314
0.272551
0.231650
0.249447
0.240569
0.278422
0.231995
0.229065
0.258845
0.309399
0.271090
0.257403
0.234452
0.251598
0.240022
0.226432
0.229340
0.231308
0.331095
0.280672
0.285252
0.385790
0.238144
0.308957
0.276690
0.385814
0.294878
0.278466
0.282222
0.254168
0.245760
0.241915
0.228676
0.272863
0.231277
0.245793
0.246926
0.295478
0.265960
0.230795
0.228915
0.261036
0.300682
0.234135
0.252213
0.323578
0.247108
0.251533
0.284265
0.232229
0.254547
0.246481
0.229509
0.268266
0.269141
0.303857
0.238019
0.231044
0.262968
0.248598
0.357343
0.230658
0.293067
0.297272
0.259624
0.280128
0.231039
0.477619
0.275270
0.231401
0.272557
0.437345
0.368938
0.247958
0.231723
0.240987
0.247533
0.234786
0.380533
0.265636
0.234109
0.270540
0.311395
0.244213
0.265455
0.240970
0.244241
0.542635
0.244111
0.321817
0.299210
0.227445
0.232197
0.251242
0.261769
0.297549
0.245627
0.249368
0.227945
0.244580
0.229365
0.230073
0.270887
0.231662
0.248392
0.236100
0.228449
0.296349
0.253582
0.270471
0.259930
0.238130
0.315321
0.291686
0.227280
0.259807
0.293859
0.232931
0.274280
0.261734
0.258613
0.248088
0.225753
0.254767
0.232286
0.291223
0.287081
0.227283
0.250276
0.240980
0.227685
0.260623
0.243504
0.225297
0.282622
0.241557
0.269024
0.258079
0.233751
0.249705
0.226618
0.239655
0.293147
0.226462
0.227462
0.235189
0.243623
0.240984
0.251584
0.232354
0.245439
0.293509
0.264276
0.233139
0.269327
0.259919
0.304573
0.284687
0.326426
0.259534
0.296104
0.272065
0.243940
0.233037
0.230707
0.228521
0.234417
0.291025
0.254475
0.227735
0.274809
0.277465
0.245665
0.319983
0.262646
0.261127
0.275766
0.290681
0.230692
0.250082
0.251625
0.236840
0.226891
0.228104
0.235949
0.228503
0.241337
0.230615
0.228490
0.332638
0.249984
0.264646
0.289451
0.270922
0.276042
0.275723
0.479004
0.230491
0.238787
0.250412
0.307049
0.231029
0.264319
0.277274
0.339019
0.282690
0.263821
0.308741
0.421560
0.230056
0.267586
0.239238
