0.000000 0.000000 0.000010 0.000010 0.000020
0.000000 0.025000 0.000010 0.000010 0.000020
0.000000 0.050000 0.003667 0.000010 0.003677
0.000000 0.075000 0.003667 0.000010 0.003677
0.000000 0.100000 0.003667 0.000010 0.003677
0.000000 0.125000 0.021000 0.000010 0.021010
0.000000 0.150000 0.022667 0.000010 0.022677
0.000000 0.175000 0.037333 0.000010 0.037343
0.000000 0.200000 0.055667 0.000010 0.055677
0.000000 0.225000 0.060333 0.087333 0.147667
0.000000 0.250000 0.060333 0.087333 0.147667
0.000000 0.275000 0.000010 0.106000 0.106010
0.000000 0.300000 0.000010 0.109667 0.109677
0.000000 0.325000 0.000010 0.097333 0.097343
0.000000 0.350000 0.000010 0.105000 0.105010
0.000000 0.375000 0.000010 0.084333 0.084343
0.000000 0.400000 0.000010 0.063000 0.063010
0.000000 0.425000 0.000010 0.051667 0.051677
0.000000 0.450000 0.000010 0.042000 0.042010
0.000000 0.475000 0.000010 0.023667 0.023677
0.000000 0.500000 0.000010 0.012667 0.012677
0.000000 0.525000 0.000010 0.006667 0.006677
0.000000 0.550000 0.000010 0.001667 0.001677
0.000000 0.575000 0.000010 0.003000 0.003010
0.000000 0.600000 0.000010 0.000333 0.000343
0.000000 0.625000 0.000010 0.000667 0.000677
0.000000 0.650000 0.000010 0.000333 0.000343
0.000000 0.675000 0.000010 0.000333 0.000343
0.000000 0.700000 0.000010 0.000333 0.000343

0.050000 0.000000 0.000476 0.000010 0.000486
0.050000 0.025000 0.000476 0.000010 0.000486
0.050000 0.050000 0.004933 0.000010 0.004943
0.050000 0.075000 0.006917 0.000010 0.006927
0.050000 0.100000 0.009700 0.000010 0.009710
0.050000 0.125000 0.027500 0.000010 0.027510
0.050000 0.150000 0.030433 0.000010 0.030443
0.050000 0.175000 0.043367 0.000010 0.043377
0.050000 0.200000 0.058783 0.000010 0.058793
0.050000 0.225000 0.058567 0.086433 0.145000
0.050000 0.250000 0.058567 0.086433 0.145000
0.050000 0.275000 0.000010 0.102417 0.102427
0.050000 0.300000 0.000010 0.105017 0.105027
0.050000 0.325000 0.000010 0.092883 0.092893
0.050000 0.350000 0.000010 0.099867 0.099877
0.050000 0.375000 0.000010 0.080250 0.080260
0.050000 0.400000 0.000010 0.059967 0.059977
0.050000 0.425000 0.000010 0.049117 0.049127
0.050000 0.450000 0.000010 0.039917 0.039927
0.050000 0.475000 0.000010 0.022484 0.022494
0.050000 0.500000 0.000010 0.012067 0.012077
0.050000 0.525000 0.000010 0.006334 0.006344
0.050000 0.550000 0.000010 0.001600 0.001610
0.050000 0.575000 0.000010 0.002867 0.002877
0.050000 0.600000 0.000010 0.000350 0.000360
0.050000 0.625000 0.000010 0.000634 0.000644
0.050000 0.650000 0.000010 0.000317 0.000327
0.050000 0.675000 0.000010 0.000317 0.000327
0.050000 0.700000 0.000010 0.000317 0.000327

0.100000 0.000000 0.000942 0.000010 0.000952
0.100000 0.025000 0.000942 0.000010 0.000952
0.100000 0.050000 0.006200 0.000010 0.006210
0.100000 0.075000 0.010167 0.000010 0.010177
0.100000 0.100000 0.015733 0.000010 0.015743
0.100000 0.125000 0.034000 0.000010 0.034010
0.100000 0.150000 0.038200 0.000010 0.038210
0.100000 0.175000 0.049400 0.000010 0.049410
0.100000 0.200000 0.061900 0.000010 0.061910
0.100000 0.225000 0.056800 0.085533 0.142333
0.100000 0.250000 0.056800 0.085533 0.142333
0.100000 0.275000 0.000010 0.098833 0.098843
0.100000 0.300000 0.000010 0.100367 0.100377
0.100000 0.325000 0.000010 0.088433 0.088443
0.100000 0.350000 0.000010 0.094733 0.094743
0.100000 0.375000 0.000010 0.076167 0.076177
0.100000 0.400000 0.000010 0.056933 0.056943
0.100000 0.425000 0.000010 0.046567 0.046577
0.100000 0.450000 0.000010 0.037833 0.037843
0.100000 0.475000 0.000010 0.021301 0.021311
0.100000 0.500000 0.000010 0.011467 0.011477
0.100000 0.525000 0.000010 0.006001 0.006011
0.100000 0.550000 0.000010 0.001533 0.001543
0.100000 0.575000 0.000010 0.002733 0.002743
0.100000 0.600000 0.000010 0.000367 0.000377
0.100000 0.625000 0.000010 0.000601 0.000611
0.100000 0.650000 0.000010 0.000301 0.000311
0.100000 0.675000 0.000010 0.000301 0.000311
0.100000 0.700000 0.000010 0.000301 0.000311

0.150000 0.000000 0.001409 0.000010 0.001419
0.150000 0.025000 0.001409 0.000010 0.001419
0.150000 0.050000 0.007467 0.000010 0.007477
0.150000 0.075000 0.013417 0.000010 0.013427
0.150000 0.100000 0.021767 0.000010 0.021777
0.150000 0.125000 0.040500 0.000010 0.040510
0.150000 0.150000 0.045967 0.000010 0.045977
0.150000 0.175000 0.055433 0.000010 0.055443
0.150000 0.200000 0.065017 0.000010 0.065027
0.150000 0.225000 0.055033 0.084633 0.139667
0.150000 0.250000 0.055033 0.084633 0.139667
0.150000 0.275000 0.000010 0.095250 0.095260
0.150000 0.300000 0.000010 0.095717 0.095727
0.150000 0.325000 0.000010 0.083983 0.083993
0.150000 0.350000 0.000010 0.089600 0.089610
0.150000 0.375000 0.000010 0.072083 0.072093
0.150000 0.400000 0.000010 0.053900 0.053910
0.150000 0.425000 0.000010 0.044017 0.044027
0.150000 0.450000 0.000010 0.035750 0.035760
0.150000 0.475000 0.000010 0.020118 0.020128
0.150000 0.500000 0.000010 0.010867 0.010877
0.150000 0.525000 0.000010 0.005668 0.005678
0.150000 0.550000 0.000010 0.001467 0.001477
0.150000 0.575000 0.000010 0.002600 0.002610
0.150000 0.600000 0.000010 0.000383 0.000393
0.150000 0.625000 0.000010 0.000568 0.000578
0.150000 0.650000 0.000010 0.000285 0.000295
0.150000 0.675000 0.000010 0.000285 0.000295
0.150000 0.700000 0.000010 0.000285 0.000295

0.200000 0.000000 0.001875 0.000010 0.001885
0.200000 0.025000 0.001875 0.000010 0.001885
0.200000 0.050000 0.008733 0.000010 0.008743
0.200000 0.075000 0.016667 0.000010 0.016677
0.200000 0.100000 0.027800 0.000010 0.027810
0.200000 0.125000 0.047000 0.000010 0.047010
0.200000 0.150000 0.053733 0.000010 0.053743
0.200000 0.175000 0.061467 0.000010 0.061477
0.200000 0.200000 0.068133 0.000010 0.068143
0.200000 0.225000 0.053267 0.083733 0.137000
0.200000 0.250000 0.053267 0.083733 0.137000
0.200000 0.275000 0.000010 0.091667 0.091677
0.200000 0.300000 0.000010 0.091067 0.091077
0.200000 0.325000 0.000010 0.079533 0.079543
0.200000 0.350000 0.000010 0.084467 0.084477
0.200000 0.375000 0.000010 0.068000 0.068010
0.200000 0.400000 0.000010 0.050867 0.050877
0.200000 0.425000 0.000010 0.041467 0.041477
0.200000 0.450000 0.000010 0.033667 0.033677
0.200000 0.475000 0.000010 0.018935 0.018945
0.200000 0.500000 0.000010 0.010267 0.010277
0.200000 0.525000 0.000010 0.005335 0.005345
0.200000 0.550000 0.000010 0.001400 0.001410
0.200000 0.575000 0.000010 0.002467 0.002477
0.200000 0.600000 0.000010 0.000400 0.000410
0.200000 0.625000 0.000010 0.000535 0.000545
0.200000 0.650000 0.000010 0.000269 0.000279
0.200000 0.675000 0.000010 0.000269 0.000279
0.200000 0.700000 0.000010 0.000269 0.000279

0.250000 0.000000 0.002341 0.000010 0.002351
0.250000 0.025000 0.002341 0.000010 0.002351
0.250000 0.050000 0.010000 0.000010 0.010010
0.250000 0.075000 0.019917 0.000010 0.019927
0.250000 0.100000 0.033833 0.000010 0.033843
0.250000 0.125000 0.053500 0.000010 0.053510
0.250000 0.150000 0.061500 0.000010 0.061510
0.250000 0.175000 0.067500 0.000010 0.067510
0.250000 0.200000 0.071250 0.000010 0.071260
0.250000 0.225000 0.051500 0.082833 0.134333
0.250000 0.250000 0.051500 0.082833 0.134333
0.250000 0.275000 0.000010 0.088083 0.088093
0.250000 0.300000 0.000010 0.086417 0.086427
0.250000 0.325000 0.000010 0.075083 0.075093
0.250000 0.350000 0.000010 0.079333 0.079343
0.250000 0.375000 0.000010 0.063917 0.063927
0.250000 0.400000 0.000010 0.047833 0.047843
0.250000 0.425000 0.000010 0.038917 0.038927
0.250000 0.450000 0.000010 0.031583 0.031593
0.250000 0.475000 0.000010 0.017752 0.017762
0.250000 0.500000 0.000010 0.009667 0.009677
0.250000 0.525000 0.000010 0.005002 0.005012
0.250000 0.550000 0.000010 0.001333 0.001343
0.250000 0.575000 0.000010 0.002333 0.002343
0.250000 0.600000 0.000010 0.000417 0.000427
0.250000 0.625000 0.000010 0.000503 0.000513
0.250000 0.650000 0.000010 0.000253 0.000263
0.250000 0.675000 0.000010 0.000253 0.000263
0.250000 0.700000 0.000010 0.000253 0.000263

0.300000 0.000000 0.002807 0.000010 0.002817
0.300000 0.025000 0.002807 0.000010 0.002817
0.300000 0.050000 0.011267 0.000010 0.011277
0.300000 0.075000 0.023167 0.000010 0.023177
0.300000 0.100000 0.039867 0.000010 0.039877
0.300000 0.125000 0.060000 0.000010 0.060010
0.300000 0.150000 0.069267 0.000010 0.069277
0.300000 0.175000 0.073533 0.000010 0.073543
0.300000 0.200000 0.074367 0.000010 0.074377
0.300000 0.225000 0.049733 0.081933 0.131667
0.300000 0.250000 0.049733 0.081933 0.131667
0.300000 0.275000 0.000010 0.084500 0.084510
0.300000 0.300000 0.000010 0.081767 0.081777
0.300000 0.325000 0.000010 0.070633 0.070643
0.300000 0.350000 0.000010 0.074200 0.074210
0.300000 0.375000 0.000010 0.059833 0.059843
0.300000 0.400000 0.000010 0.044800 0.044810
0.300000 0.425000 0.000010 0.036367 0.036377
0.300000 0.450000 0.000010 0.029500 0.029510
0.300000 0.475000 0.000010 0.016570 0.016580
0.300000 0.500000 0.000010 0.009067 0.009077
0.300000 0.525000 0.000010 0.004670 0.004680
0.300000 0.550000 0.000010 0.001267 0.001277
0.300000 0.575000 0.000010 0.002200 0.002210
0.300000 0.600000 0.000010 0.000433 0.000443
0.300000 0.625000 0.000010 0.000470 0.000480
0.300000 0.650000 0.000010 0.000236 0.000246
0.300000 0.675000 0.000010 0.000236 0.000246
0.300000 0.700000 0.000010 0.000236 0.000246

0.350000 0.000000 0.003273 0.000010 0.003283
0.350000 0.025000 0.003273 0.000010 0.003283
0.350000 0.050000 0.012533 0.000010 0.012543
0.350000 0.075000 0.026417 0.000010 0.026427
0.350000 0.100000 0.045900 0.000010 0.045910
0.350000 0.125000 0.066500 0.000010 0.066510
0.350000 0.150000 0.077033 0.000010 0.077043
0.350000 0.175000 0.079567 0.000010 0.079577
0.350000 0.200000 0.077483 0.000010 0.077493
0.350000 0.225000 0.047967 0.081033 0.129000
0.350000 0.250000 0.047967 0.081033 0.129000
0.350000 0.275000 0.000010 0.080917 0.080927
0.350000 0.300000 0.000010 0.077117 0.077127
0.350000 0.325000 0.000010 0.066183 0.066193
0.350000 0.350000 0.000010 0.069067 0.069077
0.350000 0.375000 0.000010 0.055750 0.055760
0.350000 0.400000 0.000010 0.041767 0.041777
0.350000 0.425000 0.000010 0.033817 0.033827
0.350000 0.450000 0.000010 0.027417 0.027427
0.350000 0.475000 0.000010 0.015387 0.015397
0.350000 0.500000 0.000010 0.008467 0.008477
0.350000 0.525000 0.000010 0.004337 0.004347
0.350000 0.550000 0.000010 0.001200 0.001210
0.350000 0.575000 0.000010 0.002067 0.002077
0.350000 0.600000 0.000010 0.000450 0.000460
0.350000 0.625000 0.000010 0.000437 0.000447
0.350000 0.650000 0.000010 0.000220 0.000230
0.350000 0.675000 0.000010 0.000220 0.000230
0.350000 0.700000 0.000010 0.000220 0.000230

0.400000 0.000000 0.003739 0.000010 0.003749
0.400000 0.025000 0.003739 0.000010 0.003749
0.400000 0.050000 0.013800 0.000010 0.013810
0.400000 0.075000 0.029667 0.000010 0.029677
0.400000 0.100000 0.051933 0.000010 0.051943
0.400000 0.125000 0.073000 0.000010 0.073010
0.400000 0.150000 0.084800 0.000010 0.084810
0.400000 0.175000 0.085600 0.000010 0.085610
0.400000 0.200000 0.080600 0.000010 0.080610
0.400000 0.225000 0.046200 0.080133 0.126333
0.400000 0.250000 0.046200 0.080133 0.126333
0.400000 0.275000 0.000010 0.077333 0.077343
0.400000 0.300000 0.000010 0.072467 0.072477
0.400000 0.325000 0.000010 0.061733 0.061743
0.400000 0.350000 0.000010 0.063933 0.063943
0.400000 0.375000 0.000010 0.051667 0.051677
0.400000 0.400000 0.000010 0.038733 0.038743
0.400000 0.425000 0.000010 0.031267 0.031277
0.400000 0.450000 0.000010 0.025333 0.025343
0.400000 0.475000 0.000010 0.014204 0.014214
0.400000 0.500000 0.000010 0.007867 0.007877
0.400000 0.525000 0.000010 0.004004 0.004014
0.400000 0.550000 0.000010 0.001133 0.001143
0.400000 0.575000 0.000010 0.001933 0.001943
0.400000 0.600000 0.000010 0.000467 0.000477
0.400000 0.625000 0.000010 0.000404 0.000414
0.400000 0.650000 0.000010 0.000204 0.000214
0.400000 0.675000 0.000010 0.000204 0.000214
0.400000 0.700000 0.000010 0.000204 0.000214

0.450000 0.000000 0.004205 0.000010 0.004215
0.450000 0.025000 0.004205 0.000010 0.004215
0.450000 0.050000 0.015067 0.000010 0.015077
0.450000 0.075000 0.032917 0.000010 0.032927
0.450000 0.100000 0.057967 0.000010 0.057977
0.450000 0.125000 0.079500 0.000010 0.079510
0.450000 0.150000 0.092567 0.000010 0.092577
0.450000 0.175000 0.091633 0.000010 0.091643
0.450000 0.200000 0.083717 0.000010 0.083727
0.450000 0.225000 0.044433 0.079233 0.123667
0.450000 0.250000 0.044433 0.079233 0.123667
0.450000 0.275000 0.000010 0.073750 0.073760
0.450000 0.300000 0.000010 0.067817 0.067827
0.450000 0.325000 0.000010 0.057283 0.057293
0.450000 0.350000 0.000010 0.058800 0.058810
0.450000 0.375000 0.000010 0.047583 0.047593
0.450000 0.400000 0.000010 0.035700 0.035710
0.450000 0.425000 0.000010 0.028717 0.028727
0.450000 0.450000 0.000010 0.023250 0.023260
0.450000 0.475000 0.000010 0.013021 0.013031
0.450000 0.500000 0.000010 0.007267 0.007277
0.450000 0.525000 0.000010 0.003671 0.003681
0.450000 0.550000 0.000010 0.001067 0.001077
0.450000 0.575000 0.000010 0.001800 0.001810
0.450000 0.600000 0.000010 0.000483 0.000493
0.450000 0.625000 0.000010 0.000371 0.000381
0.450000 0.650000 0.000010 0.000188 0.000198
0.450000 0.675000 0.000010 0.000188 0.000198
0.450000 0.700000 0.000010 0.000188 0.000198

0.500000 0.000000 0.004672 0.000010 0.004682
0.500000 0.025000 0.004672 0.000010 0.004682
0.500000 0.050000 0.016333 0.000010 0.016343
0.500000 0.075000 0.036167 0.000010 0.036177
0.500000 0.100000 0.064000 0.000010 0.064010
0.500000 0.125000 0.086000 0.000010 0.086010
0.500000 0.150000 0.100333 0.000010 0.100343
0.500000 0.175000 0.097667 0.000010 0.097677
0.500000 0.200000 0.086833 0.000010 0.086843
0.500000 0.225000 0.042667 0.078333 0.121000
0.500000 0.250000 0.042667 0.078333 0.121000
0.500000 0.275000 0.000010 0.070167 0.070177
0.500000 0.300000 0.000010 0.063167 0.063177
0.500000 0.325000 0.000010 0.052833 0.052843
0.500000 0.350000 0.000010 0.053667 0.053677
0.500000 0.375000 0.000010 0.043500 0.043510
0.500000 0.400000 0.000010 0.032667 0.032677
0.500000 0.425000 0.000010 0.026167 0.026177
0.500000 0.450000 0.000010 0.021167 0.021177
0.500000 0.475000 0.000010 0.011838 0.011848
0.500000 0.500000 0.000010 0.006667 0.006677
0.500000 0.525000 0.000010 0.003338 0.003348
0.500000 0.550000 0.000010 0.001000 0.001010
0.500000 0.575000 0.000010 0.001667 0.001677
0.500000 0.600000 0.000010 0.000500 0.000510
0.500000 0.625000 0.000010 0.000338 0.000348
0.500000 0.650000 0.000010 0.000172 0.000182
0.500000 0.675000 0.000010 0.000172 0.000182
0.500000 0.700000 0.000010 0.000172 0.000182

0.550000 0.000000 0.005138 0.000010 0.005148
0.550000 0.025000 0.005138 0.000010 0.005148
0.550000 0.050000 0.017600 0.000010 0.017610
0.550000 0.075000 0.039417 0.000010 0.039427
0.550000 0.100000 0.070033 0.000010 0.070043
0.550000 0.125000 0.092500 0.000010 0.092510
0.550000 0.150000 0.108100 0.000010 0.108110
0.550000 0.175000 0.103700 0.000010 0.103710
0.550000 0.200000 0.089950 0.000010 0.089960
0.550000 0.225000 0.040900 0.077433 0.118333
0.550000 0.250000 0.040900 0.077433 0.118333
0.550000 0.275000 0.000010 0.066583 0.066593
0.550000 0.300000 0.000010 0.058517 0.058527
0.550000 0.325000 0.000010 0.048383 0.048393
0.550000 0.350000 0.000010 0.048533 0.048543
0.550000 0.375000 0.000010 0.039417 0.039427
0.550000 0.400000 0.000010 0.029633 0.029643
0.550000 0.425000 0.000010 0.023617 0.023627
0.550000 0.450000 0.000010 0.019083 0.019093
0.550000 0.475000 0.000010 0.010656 0.010666
0.550000 0.500000 0.000010 0.006067 0.006077
0.550000 0.525000 0.000010 0.003005 0.003015
0.550000 0.550000 0.000010 0.000933 0.000943
0.550000 0.575000 0.000010 0.001533 0.001543
0.550000 0.600000 0.000010 0.000517 0.000527
0.550000 0.625000 0.000010 0.000306 0.000316
0.550000 0.650000 0.000010 0.000156 0.000166
0.550000 0.675000 0.000010 0.000156 0.000166
0.550000 0.700000 0.000010 0.000156 0.000166

0.600000 0.000000 0.005604 0.000010 0.005614
0.600000 0.025000 0.005604 0.000010 0.005614
0.600000 0.050000 0.018867 0.000010 0.018877
0.600000 0.075000 0.042667 0.000010 0.042677
0.600000 0.100000 0.076067 0.000010 0.076077
0.600000 0.125000 0.099000 0.000010 0.099010
0.600000 0.150000 0.115867 0.000010 0.115877
0.600000 0.175000 0.109733 0.000010 0.109743
0.600000 0.200000 0.093067 0.000010 0.093077
0.600000 0.225000 0.039133 0.076533 0.115667
0.600000 0.250000 0.039133 0.076533 0.115667
0.600000 0.275000 0.000010 0.063000 0.063010
0.600000 0.300000 0.000010 0.053867 0.053877
0.600000 0.325000 0.000010 0.043933 0.043943
0.600000 0.350000 0.000010 0.043400 0.043410
0.600000 0.375000 0.000010 0.035333 0.035343
0.600000 0.400000 0.000010 0.026600 0.026610
0.600000 0.425000 0.000010 0.021067 0.021077
0.600000 0.450000 0.000010 0.017000 0.017010
0.600000 0.475000 0.000010 0.009473 0.009483
0.600000 0.500000 0.000010 0.005467 0.005477
0.600000 0.525000 0.000010 0.002673 0.002683
0.600000 0.550000 0.000010 0.000867 0.000877
0.600000 0.575000 0.000010 0.001400 0.001410
0.600000 0.600000 0.000010 0.000533 0.000543
0.600000 0.625000 0.000010 0.000273 0.000283
0.600000 0.650000 0.000010 0.000139 0.000149
0.600000 0.675000 0.000010 0.000139 0.000149
0.600000 0.700000 0.000010 0.000139 0.000149

0.650000 0.000000 0.006070 0.000010 0.006080
0.650000 0.025000 0.006070 0.000010 0.006080
0.650000 0.050000 0.020133 0.000010 0.020143
0.650000 0.075000 0.045917 0.000010 0.045927
0.650000 0.100000 0.082100 0.000010 0.082110
0.650000 0.125000 0.105500 0.000010 0.105510
0.650000 0.150000 0.123633 0.000010 0.123643
0.650000 0.175000 0.115767 0.000010 0.115777
0.650000 0.200000 0.096183 0.000010 0.096193
0.650000 0.225000 0.037367 0.075633 0.113000
0.650000 0.250000 0.037367 0.075633 0.113000
0.650000 0.275000 0.000010 0.059417 0.059427
0.650000 0.300000 0.000010 0.049217 0.049227
0.650000 0.325000 0.000010 0.039483 0.039493
0.650000 0.350000 0.000010 0.038267 0.038277
0.650000 0.375000 0.000010 0.031250 0.031260
0.650000 0.400000 0.000010 0.023567 0.023577
0.650000 0.425000 0.000010 0.018517 0.018527
0.650000 0.450000 0.000010 0.014917 0.014927
0.650000 0.475000 0.000010 0.008290 0.008300
0.650000 0.500000 0.000010 0.004867 0.004877
0.650000 0.525000 0.000010 0.002340 0.002350
0.650000 0.550000 0.000010 0.000800 0.000810
0.650000 0.575000 0.000010 0.001267 0.001277
0.650000 0.600000 0.000010 0.000550 0.000560
0.650000 0.625000 0.000010 0.000240 0.000250
0.650000 0.650000 0.000010 0.000123 0.000133
0.650000 0.675000 0.000010 0.000123 0.000133
0.650000 0.700000 0.000010 0.000123 0.000133

0.700000 0.000000 0.006536 0.000010 0.006546
0.700000 0.025000 0.006536 0.000010 0.006546
0.700000 0.050000 0.021400 0.000010 0.021410
0.700000 0.075000 0.049167 0.000010 0.049177
0.700000 0.100000 0.088133 0.000010 0.088143
0.700000 0.125000 0.112000 0.000010 0.112010
0.700000 0.150000 0.131400 0.000010 0.131410
0.700000 0.175000 0.121800 0.000010 0.121810
0.700000 0.200000 0.099300 0.000010 0.099310
0.700000 0.225000 0.035600 0.074733 0.110333
0.700000 0.250000 0.035600 0.074733 0.110333
0.700000 0.275000 0.000010 0.055833 0.055843
0.700000 0.300000 0.000010 0.044567 0.044577
0.700000 0.325000 0.000010 0.035033 0.035043
0.700000 0.350000 0.000010 0.033133 0.033143
0.700000 0.375000 0.000010 0.027167 0.027177
0.700000 0.400000 0.000010 0.020533 0.020543
0.700000 0.425000 0.000010 0.015967 0.015977
0.700000 0.450000 0.000010 0.012833 0.012843
0.700000 0.475000 0.000010 0.007107 0.007117
0.700000 0.500000 0.000010 0.004267 0.004277
0.700000 0.525000 0.000010 0.002007 0.002017
0.700000 0.550000 0.000010 0.000733 0.000743
0.700000 0.575000 0.000010 0.001133 0.001143
0.700000 0.600000 0.000010 0.000567 0.000577
0.700000 0.625000 0.000010 0.000207 0.000217
0.700000 0.650000 0.000010 0.000107 0.000117
0.700000 0.675000 0.000010 0.000107 0.000117
0.700000 0.700000 0.000010 0.000107 0.000117

0.750000 0.000000 0.007003 0.000010 0.007012
0.750000 0.025000 0.007003 0.000010 0.007012
0.750000 0.050000 0.022667 0.000010 0.022677
0.750000 0.075000 0.052417 0.000010 0.052427
0.750000 0.100000 0.094167 0.000010 0.094177
0.750000 0.125000 0.118500 0.000010 0.118510
0.750000 0.150000 0.139167 0.000010 0.139177
0.750000 0.175000 0.127833 0.000010 0.127843
0.750000 0.200000 0.102417 0.000010 0.102427
0.750000 0.225000 0.033833 0.073833 0.107667
0.750000 0.250000 0.033833 0.073833 0.107667
0.750000 0.275000 0.000010 0.052250 0.052260
0.750000 0.300000 0.000010 0.039917 0.039927
0.750000 0.325000 0.000010 0.030583 0.030593
0.750000 0.350000 0.000010 0.028000 0.028010
0.750000 0.375000 0.000010 0.023083 0.023093
0.750000 0.400000 0.000010 0.017500 0.017510
0.750000 0.425000 0.000010 0.013417 0.013427
0.750000 0.450000 0.000010 0.010750 0.010760
0.750000 0.475000 0.000010 0.005924 0.005934
0.750000 0.500000 0.000010 0.003667 0.003677
0.750000 0.525000 0.000010 0.001674 0.001684
0.750000 0.550000 0.000010 0.000667 0.000677
0.750000 0.575000 0.000010 0.001000 0.001010
0.750000 0.600000 0.000010 0.000583 0.000593
0.750000 0.625000 0.000010 0.000174 0.000184
0.750000 0.650000 0.000010 0.000091 0.000101
0.750000 0.675000 0.000010 0.000091 0.000101
0.750000 0.700000 0.000010 0.000091 0.000101

0.800000 0.000000 0.007469 0.000010 0.007479
0.800000 0.025000 0.007469 0.000010 0.007479
0.800000 0.050000 0.023933 0.000010 0.023943
0.800000 0.075000 0.055667 0.000010 0.055677
0.800000 0.100000 0.100200 0.000010 0.100210
0.800000 0.125000 0.125000 0.000010 0.125010
0.800000 0.150000 0.146933 0.000010 0.146943
0.800000 0.175000 0.133867 0.000010 0.133877
0.800000 0.200000 0.105533 0.000010 0.105543
0.800000 0.225000 0.032067 0.072933 0.105000
0.800000 0.250000 0.032067 0.072933 0.105000
0.800000 0.275000 0.000010 0.048667 0.048677
0.800000 0.300000 0.000010 0.035267 0.035277
0.800000 0.325000 0.000010 0.026133 0.026143
0.800000 0.350000 0.000010 0.022867 0.022877
0.800000 0.375000 0.000010 0.019000 0.019010
0.800000 0.400000 0.000010 0.014467 0.014477
0.800000 0.425000 0.000010 0.010867 0.010877
0.800000 0.450000 0.000010 0.008667 0.008677
0.800000 0.475000 0.000010 0.004741 0.004751
0.800000 0.500000 0.000010 0.003067 0.003077
0.800000 0.525000 0.000010 0.001341 0.001351
0.800000 0.550000 0.000010 0.000600 0.000610
0.800000 0.575000 0.000010 0.000867 0.000877
0.800000 0.600000 0.000010 0.000600 0.000610
0.800000 0.625000 0.000010 0.000141 0.000151
0.800000 0.650000 0.000010 0.000075 0.000085
0.800000 0.675000 0.000010 0.000075 0.000085
0.800000 0.700000 0.000010 0.000075 0.000085

0.850000 0.000000 0.007935 0.000010 0.007945
0.850000 0.025000 0.007935 0.000010 0.007945
0.850000 0.050000 0.025200 0.000010 0.025210
0.850000 0.075000 0.058917 0.000010 0.058927
0.850000 0.100000 0.106233 0.000010 0.106243
0.850000 0.125000 0.131500 0.000010 0.131510
0.850000 0.150000 0.154700 0.000010 0.154710
0.850000 0.175000 0.139900 0.000010 0.139910
0.850000 0.200000 0.108650 0.000010 0.108660
0.850000 0.225000 0.030300 0.072033 0.102333
0.850000 0.250000 0.030300 0.072033 0.102333
0.850000 0.275000 0.000010 0.045083 0.045093
0.850000 0.300000 0.000010 0.030617 0.030627
0.850000 0.325000 0.000010 0.021683 0.021693
0.850000 0.350000 0.000010 0.017733 0.017743
0.850000 0.375000 0.000010 0.014917 0.014927
0.850000 0.400000 0.000010 0.011433 0.011443
0.850000 0.425000 0.000010 0.008317 0.008327
0.850000 0.450000 0.000010 0.006583 0.006593
0.850000 0.475000 0.000010 0.003558 0.003568
0.850000 0.500000 0.000010 0.002467 0.002477
0.850000 0.525000 0.000010 0.001008 0.001018
0.850000 0.550000 0.000010 0.000533 0.000543
0.850000 0.575000 0.000010 0.000733 0.000743
0.850000 0.600000 0.000010 0.000617 0.000627
0.850000 0.625000 0.000010 0.000108 0.000118
0.850000 0.650000 0.000010 0.000058 0.000068
0.850000 0.675000 0.000010 0.000058 0.000068
0.850000 0.700000 0.000010 0.000058 0.000068

0.900000 0.000000 0.008401 0.000010 0.008411
0.900000 0.025000 0.008401 0.000010 0.008411
0.900000 0.050000 0.026467 0.000010 0.026477
0.900000 0.075000 0.062167 0.000010 0.062177
0.900000 0.100000 0.112267 0.000010 0.112277
0.900000 0.125000 0.138000 0.000010 0.138010
0.900000 0.150000 0.162467 0.000010 0.162477
0.900000 0.175000 0.145933 0.000010 0.145943
0.900000 0.200000 0.111767 0.000010 0.111777
0.900000 0.225000 0.028533 0.071133 0.099667
0.900000 0.250000 0.028533 0.071133 0.099667
0.900000 0.275000 0.000010 0.041500 0.041510
0.900000 0.300000 0.000010 0.025967 0.025977
0.900000 0.325000 0.000010 0.017233 0.017243
0.900000 0.350000 0.000010 0.012600 0.012610
0.900000 0.375000 0.000010 0.010833 0.010843
0.900000 0.400000 0.000010 0.008400 0.008410
0.900000 0.425000 0.000010 0.005767 0.005777
0.900000 0.450000 0.000010 0.004500 0.004510
0.900000 0.475000 0.000010 0.002376 0.002386
0.900000 0.500000 0.000010 0.001867 0.001877
0.900000 0.525000 0.000010 0.000676 0.000686
0.900000 0.550000 0.000010 0.000467 0.000477
0.900000 0.575000 0.000010 0.000600 0.000610
0.900000 0.600000 0.000010 0.000633 0.000643
0.900000 0.625000 0.000010 0.000076 0.000086
0.900000 0.650000 0.000010 0.000042 0.000052
0.900000 0.675000 0.000010 0.000042 0.000052
0.900000 0.700000 0.000010 0.000042 0.000052

0.950000 0.000000 0.008867 0.000010 0.008877
0.950000 0.025000 0.008867 0.000010 0.008877
0.950000 0.050000 0.027733 0.000010 0.027743
0.950000 0.075000 0.065417 0.000010 0.065427
0.950000 0.100000 0.118300 0.000010 0.118310
0.950000 0.125000 0.144500 0.000010 0.144510
0.950000 0.150000 0.170233 0.000010 0.170243
0.950000 0.175000 0.151967 0.000010 0.151977
0.950000 0.200000 0.114883 0.000010 0.114893
0.950000 0.225000 0.026767 0.070233 0.097000
0.950000 0.250000 0.026767 0.070233 0.097000
0.950000 0.275000 0.000010 0.037917 0.037927
0.950000 0.300000 0.000010 0.021317 0.021327
0.950000 0.325000 0.000010 0.012783 0.012793
0.950000 0.350000 0.000010 0.007467 0.007477
0.950000 0.375000 0.000010 0.006750 0.006760
0.950000 0.400000 0.000010 0.005367 0.005377
0.950000 0.425000 0.000010 0.003217 0.003227
0.950000 0.450000 0.000010 0.002417 0.002427
0.950000 0.475000 0.000010 0.001193 0.001203
0.950000 0.500000 0.000010 0.001267 0.001277
0.950000 0.525000 0.000010 0.000343 0.000353
0.950000 0.550000 0.000010 0.000400 0.000410
0.950000 0.575000 0.000010 0.000467 0.000477
0.950000 0.600000 0.000010 0.000650 0.000660
0.950000 0.625000 0.000010 0.000043 0.000053
0.950000 0.650000 0.000010 0.000026 0.000036
0.950000 0.675000 0.000010 0.000026 0.000036
0.950000 0.700000 0.000010 0.000026 0.000036

1.000000 0.000000 0.009333 0.000010 0.009343
1.000000 0.025000 0.009333 0.000010 0.009343
1.000000 0.050000 0.029000 0.000010 0.029010
1.000000 0.075000 0.068667 0.000010 0.068677
1.000000 0.100000 0.124333 0.000010 0.124343
1.000000 0.125000 0.151000 0.000010 0.151010
1.000000 0.150000 0.178000 0.000010 0.178010
1.000000 0.175000 0.158000 0.000010 0.158010
1.000000 0.200000 0.118000 0.000010 0.118010
1.000000 0.225000 0.025000 0.069333 0.094333
1.000000 0.250000 0.025000 0.069333 0.094333
1.000000 0.275000 0.000010 0.034333 0.034343
1.000000 0.300000 0.000010 0.016667 0.016677
1.000000 0.325000 0.000010 0.008333 0.008343
1.000000 0.350000 0.000010 0.002333 0.002343
1.000000 0.375000 0.000010 0.002667 0.002677
1.000000 0.400000 0.000010 0.002333 0.002343
1.000000 0.425000 0.000010 0.000667 0.000677
1.000000 0.450000 0.000010 0.000333 0.000343
1.000000 0.475000 0.000010 0.000010 0.000020
1.000000 0.500000 0.000010 0.000667 0.000677
1.000000 0.525000 0.000010 0.000010 0.000020
1.000000 0.550000 0.000010 0.000333 0.000343
1.000000 0.575000 0.000010 0.000333 0.000343
1.000000 0.600000 0.000010 0.000667 0.000677
1.000000 0.625000 0.000010 0.000010 0.000020
1.000000 0.650000 0.000010 0.000010 0.000020
1.000000 0.675000 0.000010 0.000010 0.000020
1.000000 0.700000 0.000010 0.000010 0.000020

