0.244106
0.229163
0.384350
0.354974
0.446124
0.329693
0.321533
0.331211
0.255597
0.303478
0.262936
0.342490
0.189139
0.234122
0.347657
0.133544
0.429644
0.217986
0.279756
0.255179
0.358852
0.427272
0.165542
0.244656
0.371301
0.437969
0.293498
0.166591
0.300004
0.335897
0.390740
0.336068
0.229116
0.284154
0.327170
0.362308
0.211395
0.240949
0.286855
0.120852
0.397866
0.291570
0.332899
0.294813
0.343937
0.223556
0.361173
0.491454
0.340907
0.320184
0.191761
0.320354
0.261623
0.337723
0.132508
0.324999
0.325416
0.112646
0.325491
0.285588
0.271883
0.251414
0.346790
0.245911
0.432366
0.274184
0.333524
0.290282
0.295815
0.350277
0.192059
0.285583
0.224686
0.332973
0.172721
0.228329
0.286275
0.337797
0.256141
0.220637
0.241038
0.234137
0.244053
0.166787
0.182533
0.233595
0.414270
0.369685
0.277116
0.293166
0.462608
0.412347
0.295292
0.350659
0.264313
0.316969
0.281289
0.325546
0.202209
0.401681
0.278834
0.316209
0.330540
0.303586
0.389055
0.362494
0.393461
0.254087
0.342532
0.207323
0.385717
0.339096
0.289357
0.259623
0.277621
0.330630
0.327438
0.271854
0.294208
0.190363
0.221817
0.178220
0.487172
0.286611
0.323445
0.133886
0.181222
0.474069
0.280152
0.406728
0.257074
0.168485
0.288677
0.331406
0.197259
0.216359
0.405513
0.395851
0.325087
0.271454
0.329939
0.460212
0.298511
0.274262
0.200811
0.308796
0.445881
0.193017
0.233083
0.263604
0.355507
0.210958
0.103041
0.161311
0.378907
0.293581
0.231278
0.234087
0.410134
0.300762
0.174729
0.334250
0.253793
0.352203
0.428502
0.093019
0.434652
0.319821
0.389522
0.237396
0.179788
0.248281
0.074454
0.371372
0.295456
0.416176
0.297576
0.212736
0.310077
0.213214
0.476674
0.221425
0.174185
0.310686
0.268628
0.493839
0.153561
0.341092
0.158525
0.276515
0.332720
0.318548
0.340618
0.250359
0.227221
0.332064
0.256589
0.418847
0.308684
0.336579
0.164849
0.338317
0.278731
0.438157
0.313082
0.272900
0.301276
0.313902
0.320739
0.324258
0.231685
0.290155
0.356704
0.239825
0.200984
0.380755
0.195925
0.270812
0.283864
0.182586
0.274133
0.364161
0.486336
0.316785
0.301341
0.307131
0.106582
0.229649
0.154539
0.201262
0.116951
0.370703
0.212067
0.306383
0.340614
0.312707
0.175719
0.392394
0.264042
0.364642
0.223053
0.429108
0.414179
0.284450
0.221528
0.249868
0.378486
0.143659
0.339322
0.378866
0.256023
0.506964
0.121780
0.337586
0.299194
0.288461
0.360950
0.359952
0.230849
0.104775
0.387300
0.113673
0.293851
0.215998
0.242359
0.326424
0.268272
0.399121
0.292729
0.215887
0.295161
0.426901
0.443479
0.323879
0.158812
0.349287
0.540378
0.337469
0.388181
0.384676
0.223421
0.144991
0.172275
0.231967
0.415184
0.248122
0.315080
0.262323
0.331504
0.056944
0.199648
0.271040
0.429181
0.176158
0.301889
0.277457
0.306057
0.201669
0.285415
0.402499
0.291669
0.219657
0.318594
0.195702
0.325636
0.450100
0.184491
0.070772
0.328177
0.235731
0.317022
0.204510
0.381672
0.119407
0.118567
0.262870
0.349586
0.340989
0.189710
0.329737
0.413901
0.360187
0.278554
0.122220
0.396432
0.312564
0.230322
0.348510
0.414425
0.426976
0.211963
0.378967
0.162440
0.386795
0.252775
0.276226
0.357206
0.201016
0.264604
0.435598
0.262309
0.316631
0.199651
0.215028
0.379303
0.468215
0.196216
0.269062
0.261227
0.366156
0.316648
0.447626
0.435586
0.218181
0.275114
0.340018
0.265649
0.368358
0.311439
0.382013
0.564602
0.173371
0.199407
0.453558
0.158151
0.345221
0.373458
0.348241
0.449322
0.240033
0.211726
0.340062
0.247574
0.173649
0.146073
0.247735
0.344855
0.450982
0.167942
0.478278
0.193788
0.189713
0.255676
0.387378
0.313199
0.191050
0.306966
0.367397
0.172710
0.291781
0.257005
0.151421
0.306737
0.238634
0.407589
0.283809
0.351100
0.421878
0.251582
0.442286
0.452848
0.346812
0.418979
0.375437
0.240281
0.248759
0.249282
0.193177
0.284282
0.295646
0.248371
0.267738
0.354254
0.321182
0.328605
0.332871
0.163473
0.436915
0.256521
0.242442
0.247323
0.344619
0.372549
0.239222
0.250195
0.357100
0.228387
0.405137
0.310725
0.301258
0.475208
0.361645
0.364737
0.326847
0.226990
0.297634
0.415549
0.433916
0.200526
0.437359
0.412949
0.455590
0.144145
0.215036
0.384739
0.405863
0.249076
0.284572
0.391569
0.352617
0.401082
0.214776
0.562979
0.271540
0.360560
0.443272
0.261328
0.163862
0.372131
0.387253
0.357706
0.323691
0.281581
0.383803
0.165133
0.366422
0.376032
0.122728
0.293295
0.276766
0.235031
0.381392
0.560626
0.288972
0.348265
0.375469
0.322135
0.471010
0.391855
0.361618
0.094463
0.296649
0.281649
0.318519
0.362340
0.385330
0.343911
0.362772
0.354676
0.262164
0.242386
0.188856
0.281880
0.358456
0.418250
0.280274
0.304860
0.240217
0.355702
0.349965
0.271588
0.388278
0.418196
0.282158
0.448617
0.283494
0.240139
0.295377
0.288854
0.336803
0.344947
0.369178
0.418526
0.137531
0.444258
0.291138
0.458252
0.188939
0.078819
0.296121
0.160891
0.427702
0.360910
0.396267
0.329722
0.260288
0.259849
0.241846
0.205115
0.228675
0.203514
0.299556
0.204122
0.423342
0.425180
0.215270
0.278341
0.388852
0.417332
0.342194
0.399899
0.294835
0.345167
0.118028
0.162207
0.132610
0.241602
0.405528
0.506172
0.255406
0.296551
0.134291
0.429519
0.299146
0.195425
0.352572
0.192365
0.181959
0.262340
0.259483
0.304016
0.140214
0.398774
0.410268
0.234802
0.236549
0.404455
0.202190
0.389027
0.426640
0.363595
0.152755
0.359184
0.216250
0.446690
0.249111
0.201506
0.404349
0.261694
0.128566
0.285726
0.261296
0.431806
0.337159
0.313205
0.368571
0.207770
0.308382
0.411674
0.287063
0.398042
0.318073
0.254505
0.286579
0.342264
0.355470
0.216169
0.228029
0.330481
0.203921
0.141735
0.250566
0.341126
0.435206
0.313032
0.265648
0.402311
0.374488
0.138882
0.305882
0.354731
0.388678
0.107591
0.119611
0.199021
0.308713
0.250774
0.272299
0.294205
0.383237
0.236193
0.323025
0.405890
0.398908
0.451396
0.289181
0.256552
0.223573
0.365372
0.295896
0.270343
0.370980
0.354030
0.167904
0.262490
0.229875
0.173185
0.301361
0.268168
0.264131
0.269001
0.295016
0.290683
0.212868
0.233622
0.464817
0.407662
0.330318
0.153489
0.251411
0.268138
0.286620
0.230173
0.291324
0.188081
0.293348
0.339243
0.332223
0.321865
0.305736
0.183157
0.462692
0.237607
0.344623
0.188567
0.513534
0.381680
0.274900
0.209254
0.389901
0.255902
0.248626
0.269089
0.200147
0.247787
0.224282
0.268670
0.206325
0.306753
0.426627
0.399457
0.252233
0.374366
0.383429
0.332334
0.414189
0.114078
0.359530
0.214611
0.173569
0.249226
0.269384
0.313545
0.399336
0.226098
0.381138
0.280737
0.170946
0.285286
0.298773
0.432064
0.368169
0.353167
0.265226
0.258956
0.309132
0.357538
0.281361
0.467768
0.279226
0.238491
0.434830
0.416111
0.267264
0.360041
0.405615
0.422854
0.333075
0.353905
0.392949
0.259419
0.481879
0.304031
0.134810
0.175041
0.294758
0.124466
0.342827
0.264176
0.341066
0.257436
0.315612
0.324645
0.378419
0.233580
0.420283
0.273704
0.246638
0.270808
0.271015
0.431514
0.291735
0.347927
0.206891
0.210454
0.203573
0.400521
0.385888
0.455543
0.249829
0.141236
0.396937
0.273968
0.301401
0.229814
0.277480
0.479929
0.477882
0.147409
0.376964
0.280309
0.430993
0.120890
0.353843
0.418296
0.333352
0.304543
0.172494
0.347416
0.111403
0.237958
0.245568
0.287378
0.183881
0.241406
0.231109
0.225808
0.426821
0.258897
0.191763
0.266000
0.332776
0.341687
0.245523
0.313864
0.162393
0.215866
0.331641
0.185308
0.446601
0.502767
0.462743
0.564043
0.327329
0.287408
0.375562
0.220577
0.496051
0.263941
0.240963
0.234805
0.340242
0.308742
0.223097
0.380916
0.244953
0.230022
0.296011
0.209646
0.312266
0.236336
0.162553
0.241915
0.293398
0.296594
0.440710
0.409689
0.161816
0.129069
0.315766
0.272621
0.273630
0.147035
0.169247
0.198658
0.191814
0.293563
0.277185
0.248530
0.425950
0.427586
0.386140
0.464373
0.122686
0.427989
0.478083
0.300960
0.359845
0.149813
0.470289
0.118638
0.216660
0.405914
0.262701
0.268483
0.307978
0.321629
0.341146
0.305817
0.183503
0.428561
0.337244
0.422573
0.228352
0.293137
0.298986
0.207542
0.424808
0.232982
0.175028
0.309603
0.315519
0.177759
0.177003
0.303417
0.332647
0.351361
0.451710
0.393417
0.322253
0.341149
0.104596
0.582583
0.125972
0.302862
0.394704
0.305089
0.265188
0.244266
0.420242
0.282326
0.290264
0.381323
0.329189
0.172010
0.306462
0.272020
0.192842
0.217066
0.258253
0.241724
0.359076
0.297157
0.264485
0.420975
0.395489
0.138576
0.264404
0.247656
0.131918
0.220652
0.315652
0.357391
0.321001
0.368564
0.289256
0.127032
0.251187
0.377241
0.153160
0.252432
0.255460
0.320843
0.381055
0.340029
0.340912
0.157024
0.437356
0.192757
0.272513
0.402543
0.265799
0.198756
0.354808
0.223669
0.278034
0.288322
0.246104
0.249976
0.269733
0.320617
0.408535
0.150515
0.468370
0.398500
0.319612
0.359299
0.124572
0.341192
0.445915
0.214112
0.260537
0.253445
0.280024
0.353051
0.444999
0.302210
0.320827
0.357590
0.318637
0.372113
0.412490
0.344255
0.347703
0.326096
0.225934
0.125580
0.435572
0.430155
0.364483
0.342998
0.172373
0.247489
0.473910
0.494149
0.453056
0.227490
0.278053
0.447270
0.409534
0.237528
0.174349
0.224483
0.370232
0.405246
0.186318
0.448328
0.345359
0.199807
0.267723
0.378595
0.314857
0.243993
0.231027
0.283569
0.144899
0.076123
0.299480
0.142938
0.567548
0.220331
0.331768
0.349459
0.346352
0.507687
0.371066
0.446336
0.361451
0.288904
0.324200
0.546925
0.459013
0.441042
0.253533
0.310987
0.368970
0.250253
0.267144
0.350161
0.193909
0.258085
0.141207
0.255839
0.183473
0.487773
0.092579
0.223919
0.412193
0.170300
0.187452
0.438294
0.459857
0.263654
0.395465
0.263335
0.376502
0.353099
0.107461
0.183372
0.353479
0.438366
0.421817
0.182487
0.186491
0.098626
0.218532
0.347782
0.336061
0.184381
0.428281
0.201695
0.227335
0.347831
0.369756
0.308648
0.195589
0.398629
0.260681
0.170138
0.250847
0.275523
0.277138
0.196728
0.247762
0.190135
0.194677
0.067799
0.260565
0.208536
0.330732
0.235032
0.240208
0.244393
0.293397
0.325219
0.276151
0.292149
0.307755
0.249086
0.329415
0.344942
0.276907
0.336639
0.479469
0.352283
0.440155
0.241230
0.304604
0.100170
0.384213
0.167485
0.318338
0.379479
0.464640
0.306266
0.279252
0.126660
0.346094
0.326507
0.325107
0.197921
0.281535
0.375606
0.177370
0.158938
0.476787
0.267772
0.347369
0.383896
0.305551
0.429778
0.222942
0.282218
0.397720
0.302766
0.260193
0.349682
0.175785
0.235829
0.375988
0.376863
0.256564
0.173076
0.187134
0.281846
0.404541
0.343862
0.314009
0.367628
0.235244
0.276508
0.329715
0.237203
0.333227
0.503842
0.385763
0.362128
0.214900
0.197850
0.260093
0.298819
0.344568
0.298639
0.287610
0.263836
0.387432
0.420466
0.333307
0.154038
0.282526
0.322037
0.236456
0.489960
0.305409
0.196197
0.409197
0.380843
0.225601
0.255359
0.288014
0.439430
0.381927
0.333120
0.446038
0.335424
0.376598
0.455796
0.275682
0.478264
0.426825
0.246642
0.341507
0.290089
0.127699
0.376386
0.355383
0.469443
0.408360
0.388804
0.430611
0.113396
0.172357
0.388768
0.208216
0.320366
0.350754
0.375831
0.374296
0.272041
0.457620
0.373097
0.349365
0.455885
0.372846
0.445579
0.228960
0.245571
0.245066
0.290253
0.208696
0.152226
0.187261
0.424384
0.402914
0.311866
0.342227
0.338679
0.269631
0.204583
0.322455
0.198666
0.387221
0.443416
0.153365
0.300424
0.409148
0.242630
0.333635
0.260493
0.207813
0.288895
0.312525
0.303260
0.446464
0.322127
0.342229
0.427959
0.242766
0.496333
0.409966
0.329820
0.428135
0.177055
0.206473
0.343342
0.193532
0.337213
0.422764
0.273325
0.316875
0.305900
0.294583
0.237470
0.167372
0.344111
0.260357
0.223329
0.109095
0.352485
0.211235
0.381416
0.145639
0.279623
0.375901
0.122749
0.254604
0.307944
0.554107
0.358106
0.342905
0.639289
0.300828
0.408079
0.331437
0.183575
0.251002
0.310693
0.309834
0.275454
0.325571
0.340951
0.264365
0.314683
0.195766
0.306127
0.397411
0.353656
0.460712
0.353184
0.247293
0.177277
0.332510
0.180312
0.173237
0.446477
0.283844
0.278375
0.234305
0.376118
0.393593
0.327170
0.370513
0.372375
0.398617
0.242995
0.474216
0.336975
0.328667
0.277751
0.336171
0.350307
0.276792
0.336077
0.551911
0.250978
0.221061
0.344451
0.293153
0.369586
0.167833
0.269998
0.251014
0.406834
0.205684
0.457629
0.204696
0.301159
0.204007
0.276766
0.321184
0.475067
0.293229
0.357518
0.281402
0.191160
0.305024
0.391744
0.272900
0.249592
0.355976
0.348360
0.254794
0.223709
0.254976
0.323472
0.356974
0.507475
0.274708
0.394695
0.228616
0.367352
0.386411
0.441523
0.476613
0.192926
0.354205
0.289367
0.231192
0.221534
0.266727
0.482101
0.297046
0.321227
0.342292
0.319263
0.280456
0.299610
0.288662
0.224353
0.302156
0.221948
0.454336
0.305020
0.262743
0.262150
0.435746
0.349354
0.332448
0.361842
0.331657
0.052606
0.395377
0.203583
0.416405
0.409974
0.370057
0.324788
0.247560
0.256486
0.361859
0.186787
0.309495
0.322105
0.332689
0.269687
0.212213
0.333440
0.116254
0.199192
0.475217
0.393653
0.267813
0.298205
0.387282
0.219754
0.236095
0.261762
0.271577
0.452860
0.375697
0.358755
0.386980
0.392490
0.268940
0.333196
0.366402
0.254571
0.347843
0.356694
0.316036
0.219170
0.367507
0.383956
0.348637
0.363544
0.285740
0.236991
0.294165
0.172531
0.429573
0.295185
0.490171
0.394172
0.326310
0.162764
0.310742
0.364997
0.340434
0.274976
0.291715
0.322130
0.401175
0.300513
0.189735
0.309467
0.289798
0.185201
0.107631
0.441763
0.126920
0.366013
0.281155
0.203914
0.384512
0.328577
0.295585
0.185510
0.327661
0.191445
0.254082
0.245422
0.291082
0.362176
0.330343
0.354556
0.246479
0.498306
0.328110
0.333655
0.255075
0.321423
0.339490
0.342262
0.205957
0.151720
0.253556
0.193022
0.369032
0.350478
0.197351
0.363773
0.279625
0.351660
0.224282
0.128297
0.414168
0.289391
0.315813
0.249678
0.328077
0.248649
0.364539
0.218038
0.359270
0.180742
0.349225
0.272425
0.287026
0.285548
0.262495
0.226621
0.300757
0.304155
0.383446
0.090990
0.313435
0.331435
0.279512
0.375526
0.342137
0.281375
0.390150
0.362148
0.264882
0.369240
0.334191
0.390318
0.243575
0.281696
0.200931
0.409714
0.562897
0.253344
0.254819
0.327123
0.217701
0.446141
0.406507
0.329560
0.276501
0.393198
0.430566
0.380513
0.218567
0.210329
0.225048
0.320031
0.239172
0.249668
0.144088
0.306389
0.332432
0.279210
0.430376
0.403292
0.283699
0.369492
0.336214
0.177167
0.443097
0.200638
0.228282
0.256372
0.172118
0.302251
0.312126
0.270509
0.319353
0.261486
0.273904
0.350149
0.214581
0.298840
0.347642
0.457388
0.157628
0.380483
0.309633
0.394069
0.332221
0.316728
0.387639
0.200223
0.204057
0.326228
0.241665
0.205849
0.314695
0.257195
0.222503
0.264894
0.327358
0.289736
0.319787
0.227998
0.213506
0.609012
0.355240
0.289651
0.320446
0.350697
0.245396
0.202002
0.247946
0.345618
0.356715
0.321701
0.229975
0.306703
0.238068
0.272805
0.293684
0.415527
0.152566
0.364234
0.303240
0.251882
0.268084
0.111908
0.338759
0.343370
0.214805
0.276139
0.327898
0.212034
0.180645
0.362639
0.270448
0.319732
0.106024
0.308447
0.279589
0.355712
0.404624
0.460807
0.266425
0.359467
0.381694
0.252245
0.406674
0.417826
0.412776
0.249031
0.307634
0.278525
0.347744
0.225555
0.406914
0.339623
0.294077
0.213042
0.426038
0.333213
0.285462
0.336758
0.223584
0.187259
0.292059
0.285621
0.122161
0.274570
0.224153
0.277730
0.111300
0.316867
0.399447
0.264075
0.495441
0.223422
0.341504
0.225073
0.278365
0.235163
0.365735
0.420021
0.238758
0.364803
0.392640
0.302968
0.360789
0.251354
0.325699
0.272847
0.377733
0.303506
0.463875
0.130582
0.355970
0.325088
0.123337
0.274351
0.448398
0.392875
0.138071
0.191991
0.310964
0.255799
0.375121
0.437273
0.254803
0.205178
0.275262
0.345639
0.216982
0.232855
0.475171
0.431211
0.218840
0.257588
0.330421
0.312046
0.418374
0.164606
0.291160
0.164392
0.430789
0.326222
0.120474
0.367971
0.113532
0.183050
0.247857
0.258962
0.248014
0.278000
0.340457
0.302087
0.216804
0.413745
0.306445
0.221632
0.293698
0.214317
0.273738
0.397308
0.307311
0.344628
0.361607
0.450875
0.266914
0.471068
0.349754
0.344268
0.391756
0.321700
0.246957
0.190077
0.222869
0.299757
0.261680
0.419853
0.264980
0.415745
0.304994
0.234646
0.445311
0.425345
0.193916
0.204717
0.253132
0.298104
0.426337
0.316913
0.394333
0.246719
0.261575
0.339373
0.210547
0.219993
0.328087
0.280901
0.109608
0.407553
0.321296
0.239192
0.375685
0.235030
0.206418
0.292706
0.161453
0.354850
0.282464
0.266018
0.263557
0.316087
0.186168
0.168419
0.265403
0.190920
0.378408
0.609055
0.262281
0.371108
0.412859
0.299233
0.325889
0.294034
0.289111
0.212937
0.242085
0.207607
0.294304
0.305093
0.222115
0.372906
0.354250
0.220268
0.450709
0.217951
0.311888
0.240834
0.333476
0.362452
0.276591
0.312641
0.276363
0.465192
0.344606
0.162856
0.288782
0.190378
0.231130
0.455971
0.216544
0.225536
0.271252
0.271899
0.160459
0.269618
0.232232
0.219340
0.394825
0.341202
0.249536
0.337299
0.329469
0.261889
0.208021
0.287981
0.248530
0.266672
0.271073
0.157513
0.249368
0.250914
0.365986
0.325450
0.146422
0.247570
0.274742
0.156624
0.334239
0.421739
0.442208
0.202615
0.285733
0.241976
0.271893
0.190334
0.460504
0.284734
0.141603
0.355951
0.405475
0.467099
0.293108
0.317290
0.270156
0.254521
0.519908
0.307330
0.257616
0.387122
0.285378
0.310395
0.276773
0.267451
0.267451
0.290161
0.400133
0.413693
0.159062
0.358767
0.433147
0.318624
0.326080
0.497889
0.224391
0.303160
0.144198
0.330168
0.351351
0.265065
0.282029
0.276519
0.324013
0.198581
0.268997
0.396911
0.192911
0.198589
0.244438
0.236464
0.116883
0.448225
0.215827
0.331936
0.283799
0.367557
0.400394
0.371417
0.313940
0.316874
0.138287
0.425383
0.168176
0.219070
0.313064
0.267395
0.324058
0.362577
0.378526
0.376712
0.357895
0.373376
0.371080
0.294028
0.245629
0.274026
0.508908
0.307087
0.153364
0.331247
0.280473
0.264064
0.282105
0.415773
0.167579
0.433859
0.391077
0.216689
0.191480
0.229795
0.267796
0.383130
0.387760
0.298380
0.377899
0.190167
0.175881
0.309615
0.410309
0.420385
0.309574
0.329715
0.261112
0.219562
0.352610
0.215424
0.269543
0.201727
0.295100
0.244396
0.218232
0.268699
0.147570
0.387838
0.402585
0.245540
0.371348
0.244276
0.308922
0.187206
0.168283
0.201000
0.159293
0.375276
0.347368
0.273834
0.201905
0.245336
0.363613
0.070086
0.248027
0.296750
0.230724
0.313617
0.375862
0.256857
0.407170
0.119867
0.417090
0.512812
0.416265
0.199252
0.126961
0.286428
0.254554
0.480735
0.348167
0.215771
0.387296
0.213092
0.310147
0.317194
0.443102
0.401608
0.175949
0.411862
0.497712
0.199558
0.337994
0.253970
0.175203
0.327337
0.117052
0.373209
0.216055
0.501690
0.400960
0.265814
0.144966
0.199204
0.354495
0.285549
0.242322
0.245113
0.406505
0.415602
0.115379
0.136635
0.342148
0.290236
0.291841
0.186863
0.144480
0.266968
0.196918
0.348345
0.299501
0.364325
0.535589
0.383150
0.332991
0.257022
0.293730
0.498879
0.464470
0.223952
0.378856
0.373991
0.283637
0.318612
0.262470
0.204778
0.417643
0.223728
0.308057
0.279032
0.339378
0.503321
0.087970
0.330425
0.325896
0.416506
0.340629
0.193230
0.437773
0.355696
0.215891
0.302004
0.324532
0.212791
0.411137
0.291511
0.208529
0.198154
0.349271
0.269877
0.165740
0.292842
0.281117
0.341114
0.367297
0.340575
0.234168
0.358713
0.434119
0.161234
0.195313
0.333149
0.343994
0.369950
0.439925
0.273135
0.194684
0.290378
0.288367
0.203186
0.420368
0.374770
0.203444
0.314923
0.415786
0.207443
0.191921
0.329253
0.240420
0.270849
0.297938
0.390431
0.254124
0.291346
0.313265
0.266628
0.336233
0.233510
0.379123
0.336111
0.365464
0.281074
0.265055
0.385151
0.265724
0.336971
0.457557
0.258343
0.384380
0.412189
0.327492
0.279089
0.216936
0.319791
0.309688
0.340019
0.369827
0.298901
0.348016
0.372020
0.669378
0.235850
0.447030
0.182662
0.197265
0.393870
0.331430
0.300046
0.363734
0.163843
0.252980
0.329964
0.370182
0.285968
0.287436
0.264496
0.248489
0.300660
0.348351
0.266564
0.348104
0.159855
0.294754
0.301926
0.073886
0.247529
0.318737
0.253167
0.297484
0.234559
0.511655
0.423921
0.260753
0.427586
0.276245
0.331081
0.110821
0.275396
0.319911
0.486823
0.360488
0.291862
0.324265
0.149798
0.161339
0.415744
0.325165
0.459499
0.191481
0.295990
0.239166
0.448522
0.243910
0.416442
0.309423
0.271129
0.370334
0.311785
0.442824
0.459755
0.355224
0.459001
0.386215
0.349493
0.384536
0.229532
0.252280
0.462776
0.505102
0.332391
0.261843
0.343373
0.295374
0.359978
0.295346
0.147495
0.223590
0.282446
0.285738
0.243293
0.266372
0.056819
0.276938
0.254290
0.243686
0.318294
0.384607
0.226064
0.150208
0.358832
0.421190
0.329816
0.418348
0.233464
0.107237
0.502595
0.226620
0.325183
0.230669
0.227383
0.447010
0.325700
0.364664
0.254857
0.216016
0.324295
0.224709
0.298048
0.282551
0.217404
0.287400
0.255279
0.304908
0.283721
0.244280
0.263756
0.313913
0.308084
0.396967
0.346250
0.269300
0.201795
0.244649
0.106529
0.444440
0.341898
0.259795
0.343377
0.281523
0.226187
0.292377
0.358334
0.112538
0.117014
0.254273
0.319386
0.251919
0.345008
0.296419
0.176505
0.366360
0.442496
0.324017
0.218574
0.352790
0.181393
0.345388
0.396721
0.367793
0.297053
0.468700
0.360850
0.346897
0.170685
0.402923
0.183115
0.279891
0.418954
0.290416
0.282657
0.305470
0.215719
0.335904
0.274887
0.309285
0.289223
0.329348
0.357357
0.152985
0.270502
0.240582
0.336970
0.142509
0.238157
0.311214
0.360238
0.344471
0.367450
0.262032
0.257838
0.314178
0.401004
0.364224
0.470381
0.377582
0.331376
0.360317
0.390767
0.224760
0.333871
0.354808
0.354652
0.437146
0.297444
0.362432
0.443000
0.266439
0.321292
0.282911
0.191322
0.301374
0.367518
0.331077
0.376653
0.415410
0.295904
0.293385
0.259747
0.232822
0.382187
0.379872
0.414072
0.233536
0.196806
0.440578
0.338940
0.385475
0.382498
0.208243
0.308793
0.346475
0.280932
0.296369
0.308882
0.272672
0.369576
0.254887
0.224057
0.170115
0.269159
0.258826
0.352946
0.305128
0.156908
0.292874
0.304955
0.352501
0.184730
0.335242
0.367196
0.368638
0.432482
0.329976
0.180321
0.423149
0.218511
0.343060
0.309269
0.300110
0.287327
0.269322
0.359876
0.441985
0.427599
0.284432
0.349912
0.321667
0.388340
0.290707
0.266135
0.301179
0.340147
0.354644
0.283694
0.273006
0.346586
0.171034
0.521081
0.305609
0.248731
0.203138
0.342002
0.281712
0.133751
0.499248
0.316125
0.239998
0.436657
0.254270
0.446432
0.257448
0.303097
0.324321
0.118485
0.456952
0.312834
0.055344
0.256367
0.407425
0.445938
0.133120
0.206518
0.416297
0.470700
0.331840
0.296093
0.356911
0.391410
0.294277
0.335021
0.140282
0.199280
0.220111
0.346990
0.378310
0.295933
0.368408
0.199947
0.362972
0.237136
0.484226
0.324511
0.304903
0.335405
0.112613
0.286716
0.360329
0.332292
0.233210
0.287399
0.248284
0.310797
0.526112
0.315961
0.212363
0.265812
0.370607
0.207563
0.260730
0.329368
0.245891
0.375003
0.217612
0.245936
0.293499
0.307038
0.248913
0.275596
0.159734
0.316128
0.392323
0.291453
0.275077
0.234999
0.218064
0.361200
0.383469
0.381687
0.373959
0.293315
0.236959
0.337624
0.377605
0.370621
0.103605
0.177729
0.297399
0.231565
0.420141
0.256197
0.231386
0.293758
0.288886
0.359015
0.319543
0.170625
0.216436
0.300277
0.406044
0.130868
0.211497
0.356728
0.313488
0.397185
0.290637
0.148482
0.359189
0.407438
0.300740
0.292907
0.127903
0.061588
0.402395
0.368897
0.339504
0.413098
0.149219
0.285776
0.369550
0.211788
0.570308
0.088783
0.257259
0.508093
0.195560
0.348202
0.454115
0.399867
0.333618
0.248568
0.348680
0.224744
0.191067
0.333915
0.379658
0.347716
0.267664
0.195226
0.281802
0.260975
0.186056
0.381649
0.280779
0.302645
0.335906
0.284799
0.298532
0.287229
0.354250
0.173069
0.413333
0.194328
0.308692
0.491537
0.250878
0.244260
0.205311
0.180062
0.442908
0.526198
0.326585
0.426676
0.137199
0.510006
0.306042
0.294657
0.264875
0.188230
0.373739
0.198981
0.224954
0.207912
0.361354
0.256159
0.376430
0.277894
0.352699
0.289091
0.425044
0.156956
0.310150
0.354689
0.429830
0.155390
0.254133
0.193728
0.322857
0.375957
0.190106
0.248926
0.227985
0.181430
0.244791
0.364119
0.321396
0.152432
0.318274
0.241005
0.232619
0.185194
0.266228
0.330802
0.384331
0.274183
0.374708
0.178394
0.334734
0.330787
0.350783
0.284342
0.336555
0.453533
0.312674
0.314083
0.384613
0.385009
0.299659
0.414283
0.413908
0.297705
0.232863
0.269961
0.274481
0.310393
0.424465
0.300664
0.247647
0.487141
0.167584
0.159025
0.267055
0.230996
0.251724
0.232110
0.215540
0.356606
0.223029
0.269007
0.340768
0.254687
0.181254
0.270648
0.275910
0.211603
0.147359
0.409547
0.425556
0.184359
0.191919
0.246924
0.403880
0.388188
0.371350
0.501196
0.244565
0.359377
0.294952
0.382502
0.291955
0.499841
0.252843
0.266505
0.416592
0.418417
0.377413
0.239728
0.426658
0.442503
0.244860
0.283357
0.412662
0.243834
0.227016
0.296726
0.380370
0.460193
0.259627
0.295781
0.148298
0.258690
0.414351
0.249293
0.370639
0.198497
0.291980
0.173806
0.362563
0.233383
0.403593
0.305052
0.246615
0.317459
0.246922
0.318937
0.344686
0.319465
0.195783
0.244913
0.446442
0.303379
0.310528
0.251263
0.411826
0.170308
0.308267
0.333358
0.290613
0.229682
0.397002
0.082603
0.397977
0.227836
0.271940
0.380335
0.317059
0.160221
0.317809
0.291141
0.357182
0.244607
0.325502
0.285961
0.356227
0.298109
0.361041
0.249755
0.199294
0.287276
0.422645
0.305210
0.224542
0.247085
0.265702
0.350343
0.240625
0.274405
0.170680
0.344854
0.346902
0.346772
0.259135
0.243174
0.329822
0.292664
0.483715
0.351716
0.462150
0.240024
0.305634
0.162528
0.106073
0.144980
0.292648
0.270037
0.321982
0.270714
0.324986
0.190547
0.377434
0.368729
0.226384
0.500312
0.262139
0.319387
0.291769
0.232363
0.239990
0.345666
0.338217
0.420854
0.354994
0.327126
0.192280
0.247219
0.342017
0.188036
0.425696
0.238879
0.255638
0.369161
0.249631
0.137318
0.418279
0.213316
0.280104
0.215998
0.296487
0.320897
0.114412
0.267927
0.199997
0.424927
0.345875
0.318174
0.367882
0.391057
0.255889
0.361882
0.312116
0.486578
0.297678
0.259805
0.353362
0.275214
0.282273
0.400188
0.274365
0.279575
0.359335
0.120637
0.157660
0.326946
0.325598
0.215691
0.263390
0.301834
0.390148
0.441561
0.373359
0.318630
0.450468
0.288453
0.167124
0.398362
0.326836
0.265629
0.417575
0.127118
0.215775
0.348186
0.318771
0.186355
0.372742
0.311096
0.308252
0.233971
0.414642
0.237438
0.370440
0.343854
0.322507
0.253399
0.324240
0.363152
0.280492
0.285382
0.210318
0.219995
0.453360
0.473743
0.488081
0.325883
0.310135
0.235082
0.235297
0.130824
0.400830
0.303910
0.368374
0.180007
0.188814
0.220250
0.329912
0.324860
0.354630
0.201136
0.297693
0.308937
0.451759
0.278536
0.224108
0.297715
0.157861
0.414228
0.389396
0.338287
0.267568
0.263020
0.424651
0.370731
0.352121
0.317432
0.195583
0.204536
0.178958
0.415096
0.277621
0.167099
0.364373
0.306581
0.267584
0.229780
0.444273
0.297841
0.266703
0.234660
0.343958
0.524722
0.346228
0.225845
0.194382
0.324882
0.364494
0.330095
0.345519
0.299210
0.383190
0.234473
0.237643
0.308119
0.350482
0.355178
0.286028
0.493476
0.451280
0.427451
0.325340
0.353251
0.292304
0.272973
0.222496
0.285990
0.342190
0.329584
0.432172
0.125080
0.467945
0.198818
0.329870
0.257629
0.207962
0.260701
0.246929
0.282942
0.344935
0.148004
0.236214
0.335290
0.258395
0.134249
0.255697
0.085237
0.260971
0.176246
0.290132
0.362956
0.293053
0.265003
0.414177
0.251257
0.114648
0.389368
0.433672
0.279365
0.274269
0.240270
0.247719
0.253355
0.297648
0.285903
0.182457
0.382006
0.466828
0.361879
0.404173
0.119359
0.177448
0.388136
0.250363
0.321131
0.317050
0.364578
0.205466
0.342855
0.242420
0.370446
0.293351
0.333038
0.440521
0.437791
0.214301
0.193487
0.387402
0.237270
0.286107
0.142904
0.151919
0.416648
0.370067
0.308155
0.426988
0.151600
0.240983
0.389121
0.455848
0.269111
0.145621
0.347874
0.253509
0.355899
0.314015
0.268835
0.458220
0.411502
0.365069
0.443449
0.351520
0.338294
0.439451
0.251082
0.269350
0.215232
0.402249
0.119410
0.328038
0.347979
0.188737
0.411019
0.304795
0.273131
0.471220
