0.160786
0.175870
0.150256
0.106676
0.180570
0.210941
0.159165
0.131514
0.092993
0.213997
0.157390
0.170800
0.152173
0.120765
0.192672
0.181941
0.166447
0.171906
0.143499
0.220612
0.202482
0.081921
0.130668
0.177560
0.112985
0.168962
0.139994
0.191799
0.099368
0.185302
0.158849
0.189759
0.147518
0.200772
0.089913
0.184659
0.155041
0.137270
0.182736
0.097946
0.151037
0.162651
0.136884
0.204533
0.217229
0.143973
0.095224
0.055554
0.116319
0.106807
0.175570
0.119037
0.105565
0.204376
0.124588
0.217871
0.211429
0.105513
0.202561
0.164808
0.188124
0.190597
0.198650
0.142177
0.190389
0.168296
0.143453
0.169264
0.134130
0.145278
0.155083
0.099254
0.093343
0.219333
0.160202
0.108606
0.077990
0.212780
0.178492
0.127461
0.109189
0.187412
0.107329
0.128745
0.118807
0.164485
0.220751
0.212252
0.177757
0.181622
0.213625
0.182204
0.086764
0.179323
0.086545
0.183349
0.198225
0.167528
0.096678
0.159524
0.214183
0.104371
0.167339
0.156062
0.129525
0.155449
0.224094
0.122010
0.150344
0.180411
0.060397
0.161846
0.150162
0.116189
0.127197
0.132052
0.182594
0.122095
0.178205
0.135462
0.116834
0.078607
0.130507
0.109719
0.128817
0.140480
0.086326
0.118239
0.078621
0.191412
0.061578
0.139923
0.184403
0.150633
0.204565
0.224109
0.130917
0.216657
0.066274
0.156186
0.159768
0.170937
0.124297
0.137396
0.142771
0.076664
0.131808
0.210824
0.176310
0.124080
0.200498
0.075631
0.117184
0.177424
0.197590
0.164629
0.222021
0.168677
0.115069
0.148256
0.103998
0.025840
0.144079
0.190315
0.183642
0.190512
0.079014
0.137025
0.186006
0.175888
0.121687
0.094281
0.102353
0.160565
0.113150
0.150088
0.217356
0.140003
0.191590
0.161462
0.120674
0.102788
0.134747
0.098792
0.171839
0.206665
0.147647
0.205462
0.185461
0.124081
0.167348
0.090058
0.112805
0.125615
0.150900
0.150343
0.100205
0.185203
0.144582
0.215924
0.145121
0.077252
0.049499
0.126412
0.175348
0.137499
0.176351
0.187068
0.174140
0.163182
0.129744
0.125039
0.161102
0.179025
0.173563
0.164796
0.150413
0.223016
0.151999
0.110977
0.193081
0.219281
0.174848
0.170557
0.105511
0.128618
0.101839
0.161976
0.164472
0.156719
0.143963
0.140529
0.221079
0.199192
0.168983
0.194177
0.120751
0.076111
0.184642
0.126111
0.122459
0.141727
0.157827
0.200458
0.140112
0.149393
0.131677
0.109558
0.115914
0.103952
0.080380
0.119526
0.161470
0.215053
0.129211
0.164095
0.150362
0.101601
0.152806
0.058073
0.180385
0.084517
0.117481
0.151180
0.211570
0.110119
0.091882
0.166726
0.162201
0.158059
0.171577
0.153255
0.096861
0.126943
0.149715
0.195452
0.196778
0.139035
0.202577
0.186344
0.221984
0.186507
0.143534
0.078469
0.209312
0.220072
0.137092
0.145313
0.176545
0.115065
0.168612
0.165251
0.180706
0.206016
0.082087
0.178544
0.095569
0.171275
0.109690
0.196525
0.206990
0.188258
0.154150
0.207351
0.158102
0.141570
0.143716
0.129161
0.173863
0.138392
0.156618
0.113647
0.146689
0.198412
0.095155
0.089295
0.155128
0.158010
0.200448
0.133583
0.186692
0.174005
0.190168
0.157558
0.170545
0.185161
0.192903
0.161334
0.147877
0.070723
0.054186
0.124199
0.170950
0.135881
0.097841
0.181510
0.196614
0.102142
0.149834
0.132312
0.151662
0.163173
0.150612
0.135012
0.200889
0.124908
0.060178
0.218462
0.115890
0.190052
0.120661
0.162459
0.109665
0.124406
0.189158
0.104151
0.089910
0.190504
0.152880
0.187497
0.110599
0.128346
0.109454
0.194500
0.157462
0.129304
0.156514
0.194206
0.190982
0.144094
0.177853
0.071203
0.133994
0.113299
0.169432
0.149436
0.092582
0.159794
0.203002
0.143745
0.061580
0.127951
0.114580
0.125082
0.129737
0.115090
0.152896
0.114600
0.133231
0.147649
0.171332
0.160237
0.136426
0.158628
0.176018
0.126970
0.169239
0.159239
0.095352
0.154522
0.214496
0.126365
0.161405
0.135946
0.214261
0.134766
0.132526
0.153509
0.145667
0.140921
0.205453
0.141534
0.132468
0.042636
0.172337
0.121334
0.169064
0.147915
0.218486
0.154354
0.109437
0.192055
0.072463
0.127053
0.164531
0.216678
0.107667
0.185923
0.159186
0.155783
0.167762
0.181896
0.139549
0.192875
0.182534
0.094325
0.113070
0.220019
0.207441
0.136983
0.118425
0.157049
0.096290
0.142170
0.205465
0.166820
0.062673
0.087500
0.148274
0.171249
0.118388
0.161365
0.162441
0.191984
0.168804
0.140122
0.162055
0.105184
0.150984
0.137479
0.202299
0.111728
0.093994
0.122164
0.143851
0.211935
0.118448
0.137248
0.176203
0.129090
0.154294
0.164507
0.125723
0.123034
0.215972
0.110250
0.164927
0.153557
0.168412
0.150478
0.142006
0.160119
0.091800
0.189055
0.174266
0.172605
0.150511
0.054952
0.093011
0.212411
0.079917
0.159601
0.093194
0.119408
0.191810
0.067570
0.206947
0.187154
0.216224
0.099011
0.134038
0.172320
0.203915
0.175500
0.110859
0.161449
0.160432
0.175968
0.205419
0.059590
0.130498
0.177484
0.149947
0.182065
0.149922
0.208915
0.083485
0.086832
0.140001
0.170508
0.128943
0.159831
0.177619
0.145257
0.037234
0.129686
0.193303
0.139275
0.157164
0.093839
0.083087
0.214457
0.197679
0.170616
0.180254
0.150042
0.178517
0.183267
0.206642
0.166988
0.170213
0.163647
0.157182
0.126955
0.169936
0.104781
0.128619
0.126896
0.178110
0.205436
0.072642
0.167994
0.146170
0.045220
0.122752
0.182790
0.174419
0.067770
0.142024
0.184409
0.155351
0.156161
0.178083
0.224701
0.082203
0.163593
0.102243
0.100011
0.172481
0.102818
0.190997
0.175454
0.143885
0.120875
0.091155
0.197926
0.099159
0.204400
0.103333
0.163611
0.146542
0.115306
0.081280
0.208350
0.161549
0.083927
0.184756
0.163724
0.104085
0.116959
0.123956
0.183642
0.151688
0.153229
0.135181
0.209308
0.098805
0.212920
0.198453
0.051312
0.198519
0.097336
0.070284
0.096314
0.149706
0.171158
0.059770
0.179564
0.141189
0.165862
0.126951
0.163969
0.118362
0.131734
0.151867
0.202421
0.118038
0.197992
0.120341
0.173337
0.109343
0.201722
0.167933
0.214521
0.151568
0.153595
0.109654
0.095527
0.199780
0.134638
0.126012
0.028228
0.103479
0.201733
0.121918
0.156322
0.183109
0.113619
0.149557
0.149888
0.181518
0.217445
0.087047
0.173161
0.165856
0.098283
0.224526
0.119431
0.163091
0.218571
0.158556
0.171131
0.126089
0.223825
0.153329
0.132879
0.165175
0.165034
0.083184
0.133946
0.088245
0.152509
0.068492
0.084998
0.154995
0.141023
0.103970
0.221668
0.155155
0.110447
0.133281
0.191366
0.159130
0.161205
0.193569
0.193917
0.166679
0.181816
0.055475
0.087752
0.102082
0.135978
0.090690
0.116148
0.218978
0.065779
0.218404
0.090006
0.146657
0.165633
0.133494
0.150409
0.127728
0.189467
0.159480
0.128218
0.109978
0.168953
0.114231
0.196827
0.167806
0.146971
0.117182
0.105579
0.068673
0.221019
0.158021
0.190485
0.224387
0.091684
0.113990
0.196908
0.185493
0.175164
0.124497
0.141510
0.060714
0.213694
0.138621
0.197837
0.136016
0.082097
0.204037
0.163572
0.068422
0.149037
0.163436
0.095239
0.164524
0.188043
0.133520
0.222549
0.110908
0.196521
0.064185
0.180727
0.164555
0.139904
0.158797
0.208264
0.167248
0.223828
0.165597
0.186918
0.167127
0.182380
0.177159
0.183667
0.184755
0.137330
0.148461
0.155932
0.140077
0.081077
0.106579
0.199667
0.106197
0.071075
0.169951
0.190200
0.116694
0.168142
0.220128
0.211166
0.178409
0.162014
0.081766
0.123888
0.177380
0.103238
0.144250
0.149683
0.110210
0.104235
0.154669
0.193963
0.125300
0.116428
0.170680
0.132742
0.097664
0.184772
0.159444
0.194264
0.103690
0.131298
0.206835
0.138156
0.127253
0.201845
0.149901
0.175900
0.146354
0.101395
0.188952
0.130987
0.185737
0.085846
0.135941
0.105396
0.117299
0.206492
0.094368
0.192669
0.128602
0.185989
0.144176
0.202311
0.184618
0.153083
0.162957
0.093074
0.079768
0.174658
0.145573
0.191383
0.148591
0.125621
0.218756
0.223504
0.122902
0.174534
0.200206
0.126033
0.083866
0.106132
0.117957
0.088056
0.119528
0.128397
0.086125
0.068053
0.121593
0.189066
0.052200
0.152478
0.147098
0.159233
0.181076
0.179891
0.218592
0.125621
0.166726
0.121762
0.186304
0.093229
0.164787
0.149330
0.174130
0.171330
0.092958
0.149108
0.122728
0.114163
0.169651
0.114556
0.184124
0.175282
0.142829
0.215289
0.116930
0.201874
0.158278
0.112915
0.150980
0.182226
0.090660
0.138791
0.148959
0.028008
0.201246
0.077485
0.090459
0.183447
0.138785
0.206847
0.128227
0.182611
0.216661
0.174882
0.102419
0.170094
0.137101
0.151959
0.092590
0.182643
0.074977
0.093661
0.218881
0.135177
0.123117
0.180286
0.185990
0.200218
0.105743
0.071799
0.141775
0.041149
0.129475
0.137170
0.192600
0.224402
0.120732
0.168789
0.107216
0.077045
0.097518
0.023580
0.182281
0.137725
0.171491
0.215604
0.134127
0.166894
0.199143
0.153023
0.185921
0.140747
0.124727
0.074575
0.201995
0.127146
0.118880
0.149176
0.130629
0.207194
0.116762
0.174740
0.213590
0.144452
0.069135
0.138399
0.082379
0.186435
0.139916
0.168829
0.194137
0.138714
0.124710
0.136994
0.198383
0.142406
0.109132
0.144771
0.162329
0.198689
0.074310
0.169683
0.130122
0.191586
0.178511
0.135157
0.115600
0.131765
0.134295
0.100698
0.051390
0.210818
0.070822
0.188130
0.140509
0.198356
0.111118
0.166447
0.102878
0.213086
0.084018
0.213194
0.064273
0.190984
0.171969
0.137403
0.157120
0.138707
0.101593
0.156117
0.103459
0.020482
0.130591
0.165670
0.111218
0.179296
0.077640
0.125526
0.180056
0.096030
0.114022
0.164632
0.208073
0.141592
0.156538
0.113655
0.186964
0.144134
0.091724
0.138199
0.218757
0.182493
0.211343
0.128598
0.155512
0.059086
0.096324
0.205773
0.150632
0.115048
0.098040
0.067599
0.072621
0.179348
0.178340
0.210408
0.090752
0.115399
0.035460
0.204939
0.180032
0.103502
0.104770
0.116157
0.172828
0.143965
0.165195
0.173040
0.183019
0.161275
0.147527
0.191830
0.136025
0.205788
0.063534
0.217394
0.173705
0.050942
0.163481
0.154025
0.125515
0.063464
0.163421
0.099119
0.192920
0.184710
0.118380
0.150320
0.139647
0.218943
0.107305
0.086395
0.217803
0.131233
0.094284
0.166885
0.096629
0.102212
0.106841
0.129750
0.156455
0.106521
0.215293
0.174856
0.134333
0.120406
0.093298
0.196248
0.107260
0.174344
0.185544
0.110789
0.210332
0.222903
0.081697
0.100215
0.117962
0.141455
0.108821
0.151601
0.167525
0.184058
0.164162
0.034547
0.062562
0.094772
0.094681
0.176150
0.214591
0.104605
0.180729
0.212941
0.124580
0.168402
0.177902
0.169213
0.147041
0.201051
0.138294
0.174010
0.114339
0.101508
0.170028
0.132519
0.190807
0.214157
0.160824
0.165539
0.055909
0.111483
0.117907
0.184533
0.142109
0.094931
0.207717
0.173205
0.110622
0.194883
0.082993
0.109748
0.110048
0.150119
0.123122
0.080125
0.214468
0.174908
0.143118
0.184566
0.160040
0.190859
0.081223
0.102336
0.193457
0.205376
0.127632
0.119777
0.109217
0.108508
0.085953
0.090391
0.197414
0.198456
0.110961
0.137306
0.163096
0.212271
0.193651
0.123010
0.143070
0.118014
0.085177
0.103245
0.163180
0.159600
0.161164
0.118826
0.141855
0.159463
0.119132
0.142266
0.097469
0.224630
0.189335
0.122004
0.222715
0.104965
0.126347
0.190904
0.097181
0.047589
0.119669
0.184792
0.143004
0.116115
0.149471
0.224601
0.145405
0.153160
0.158492
0.175232
0.190912
0.173653
0.167437
0.137223
0.103499
0.041732
0.192091
0.160311
0.166438
0.133302
0.172199
0.106601
0.223795
0.101739
0.181864
0.103073
0.030472
0.041636
0.092200
0.047339
0.186011
0.213777
0.143314
0.162595
0.111793
0.155753
0.107283
0.054029
0.203502
0.146858
0.185353
0.138035
0.093226
0.084856
0.135220
0.200121
0.158673
0.174034
0.070894
0.148712
0.155600
0.111892
0.154027
0.112096
0.137750
0.195273
0.159273
0.194205
0.185971
0.101393
0.156181
0.166530
0.100107
0.151536
0.213267
0.199346
0.122761
0.187431
0.119512
0.194035
0.194281
0.156600
0.116307
0.116975
0.135716
0.099801
0.120281
0.101484
0.154548
0.218093
0.201262
0.087406
0.179265
0.137615
0.066714
0.127521
0.133238
0.152189
0.052030
0.163278
0.025880
0.176984
0.179975
0.185897
0.040281
0.130913
0.136374
0.125053
0.139090
0.220823
0.113155
0.142586
0.143318
0.194679
0.145337
0.166758
0.207098
0.180547
0.104977
0.122271
0.088784
0.152832
0.073201
0.156437
0.115963
0.189182
0.134467
0.196437
0.161389
0.146609
0.109095
0.215745
0.128889
0.130167
0.196739
0.182545
0.109809
0.193556
0.116356
0.123015
0.195352
0.148432
0.199276
0.142563
0.208110
0.141732
0.117624
0.223808
0.149389
0.093725
0.118946
0.070756
0.141481
0.036721
0.199631
0.198479
0.056062
0.176255
0.175077
0.147514
0.140985
0.087072
0.130744
0.105282
0.179923
0.103167
0.222205
0.049491
0.144080
0.175952
0.113607
0.190872
0.168821
0.126298
0.130262
0.123545
0.187766
0.142429
0.166496
0.086595
0.080694
0.148450
0.178914
0.087850
0.101841
0.120507
0.096368
0.126293
0.146314
0.103245
0.129200
0.173578
0.120861
0.077925
0.224759
0.221241
0.188228
0.112449
0.187623
0.170167
0.102566
0.171550
0.158302
0.150030
0.130164
0.149174
0.164029
0.079463
0.123097
0.104758
0.062992
0.078302
0.116862
0.135549
0.100308
0.151369
0.173111
0.142693
0.141330
0.218601
0.137513
0.102864
0.153652
0.111282
0.181390
0.070605
0.180715
0.105887
0.206216
0.211192
0.035531
0.183909
0.115101
0.173358
0.153913
0.215914
0.206342
0.215001
0.129260
0.178160
0.192187
0.147238
0.089760
0.217839
0.059199
0.073796
0.187378
0.166623
0.126206
0.198406
0.092773
0.167139
0.143320
0.147155
0.135348
0.063335
0.084867
0.217790
0.108525
0.105812
0.133837
0.224695
0.177185
0.122893
0.134737
0.124698
0.161628
0.167612
0.181690
0.205925
0.159480
0.075271
0.110643
0.176463
0.138215
0.216865
0.103814
0.068830
0.193437
0.149413
0.096959
0.161753
0.112475
0.107992
0.210914
0.205419
0.212493
0.173629
0.091181
0.141142
0.216373
0.194405
0.162191
0.212563
0.048752
0.152199
0.163049
0.150227
0.137158
0.164475
0.084172
0.153610
0.151962
0.160076
0.210481
0.114536
0.143679
0.129281
0.202165
0.157364
0.160454
0.168020
0.169840
0.175162
0.224430
0.079495
0.179860
0.169239
0.202219
0.179487
0.129435
0.155061
0.198901
0.203535
0.188521
0.050773
0.119429
0.114463
0.208539
0.126941
0.130851
0.172668
0.213732
0.160442
0.125586
0.078950
0.085618
0.079964
0.225154
0.082756
0.181788
0.216814
0.101254
0.089801
0.090093
0.081859
0.156542
0.120587
0.083372
0.215949
0.123182
0.224540
0.094666
0.095565
0.202215
0.217565
0.195672
0.183430
0.124645
0.141156
0.047339
0.216149
0.174758
0.189992
0.133274
0.223922
0.135000
0.178153
0.086335
0.173877
0.176920
0.067071
0.092134
0.149171
0.208443
0.203192
0.133128
0.164423
0.144820
0.208410
0.159200
0.212107
0.135395
0.183918
0.153273
0.182235
0.070897
0.097068
0.209552
0.124911
0.209767
0.216994
0.159460
0.144608
0.120993
0.180248
0.186399
0.065550
0.123209
0.081855
0.137076
0.204572
0.210598
0.110941
0.126104
0.105771
0.151192
0.154111
0.149236
0.101583
0.142195
0.114362
0.186064
0.220725
0.128973
0.153801
0.176095
0.086812
0.140845
0.167885
0.150096
0.129158
0.157050
0.146328
0.171758
0.163379
0.191935
0.152078
0.120282
0.166911
0.216602
0.197327
0.186748
0.175573
0.093645
0.214064
0.195773
0.178705
0.087174
0.147708
0.178947
0.217322
0.145771
0.097140
0.086148
0.100039
0.161760
0.134043
0.208404
0.193980
0.167548
0.167561
0.129927
0.199528
0.133120
0.132790
0.115936
0.172441
0.222537
0.094633
0.144797
0.114895
0.152975
0.204483
0.112494
0.197993
0.188919
0.213852
0.153130
0.178164
0.126093
0.214348
0.142845
0.218712
0.102393
0.176409
0.068656
0.177449
0.145261
0.158240
0.151828
0.156242
0.175452
0.067540
0.156563
0.123894
0.196214
0.160546
0.094287
0.191305
0.126001
0.173762
0.159823
0.186192
0.192954
0.205844
0.155330
0.098189
0.090551
0.206929
0.103522
0.098102
0.153975
0.087610
0.163118
0.158638
0.146549
0.207435
0.116404
0.084850
0.181322
0.113610
0.186547
0.122231
0.195620
0.144641
0.081209
0.161771
0.168155
0.208767
0.079845
0.147560
0.165370
0.134432
0.107603
0.180961
0.155311
0.157442
0.179572
0.184723
0.190311
0.199861
0.215850
0.126710
0.099409
0.139311
0.154683
0.096221
0.193324
0.210460
0.172251
0.113103
0.165643
0.144341
0.185818
0.134713
0.172639
0.191016
0.122914
0.140902
0.224100
0.181574
0.116355
0.189271
0.134109
0.155826
0.209735
0.120584
0.123030
0.117450
0.100582
0.090248
0.202829
0.125170
0.146497
0.084827
0.130711
0.157255
0.109985
0.159061
0.069227
0.164868
0.224832
0.073402
0.130566
0.156603
0.062548
0.068067
0.094945
0.176310
0.074841
0.139050
0.167751
0.050113
0.098768
0.153311
0.128002
0.104386
0.052715
0.106387
0.080325
0.084172
0.135528
0.113459
0.178459
0.111696
0.106272
0.157818
0.089507
0.118080
0.216058
0.076841
0.170045
0.122464
0.203223
0.128051
0.147574
0.175795
0.193273
0.204406
0.172769
0.193028
0.124295
0.172880
0.101029
0.121542
0.173043
0.095957
0.198017
0.196657
0.145878
0.081504
0.194472
0.060008
0.180473
0.129650
0.086039
0.129876
0.137312
0.170264
0.170791
0.058166
0.046980
0.156829
0.130635
0.060016
0.105474
0.056724
0.209767
0.087137
0.163539
0.123117
0.183583
0.137967
0.155448
0.171786
0.145450
0.202575
0.171451
0.179019
0.176129
0.166626
0.107613
0.206296
0.211692
0.097318
0.184124
0.225150
0.037434
0.099133
0.135350
0.154991
0.114781
0.153916
0.130241
0.214501
0.145340
0.132179
0.103803
0.155055
0.199641
0.186379
0.150000
0.205712
0.219564
0.150432
0.165380
0.107142
0.140708
0.191140
0.087218
0.104834
0.165527
0.117075
0.107617
0.176168
0.109688
0.132825
0.189092
0.200498
0.186845
0.148122
0.214531
0.037808
0.084093
0.197622
0.052028
0.147741
0.119316
0.176853
0.069241
0.170949
0.138883
0.093498
0.104113
0.142991
0.168659
0.101514
0.186628
0.139657
0.108039
0.201751
0.089276
0.121744
0.068282
0.213835
0.074348
0.167763
0.200271
0.156359
0.120454
0.167705
0.195314
0.207608
0.171311
0.149697
0.189933
0.144379
0.138452
0.112266
0.146789
0.142625
0.136217
0.181557
0.170558
0.188421
0.073477
0.188426
0.106112
0.155507
0.061056
0.139563
0.118142
0.156603
0.111982
0.108395
0.155463
0.126214
0.112914
0.223652
0.120369
0.198366
0.148183
0.195718
0.206323
0.052496
0.084272
0.219439
0.155272
0.057232
0.168506
0.182865
0.137454
0.208790
0.144749
0.087162
0.138615
0.154482
0.122056
0.198146
0.110965
0.211385
0.134578
0.161705
0.202264
0.080609
0.208117
0.150676
0.170579
0.215734
0.132652
0.164358
0.055289
0.169318
0.191174
0.100802
0.159408
0.198126
0.220225
0.207423
0.082552
0.198219
0.196378
0.203626
0.142673
0.161875
0.181544
0.167268
0.138400
0.150411
0.048913
0.089410
0.175766
0.093318
0.193437
0.189916
0.112687
0.202008
0.210946
0.219672
0.158960
0.202474
0.102986
0.105281
0.177280
0.168185
0.197004
0.091311
0.124147
0.150046
0.035799
0.157762
0.186787
0.211666
0.142163
0.191060
0.181392
0.133231
0.195791
0.139147
0.084882
0.109737
0.114717
0.060415
0.172975
0.132033
0.134864
0.075449
0.083892
0.165635
0.220558
0.169127
0.131164
0.165686
0.179068
0.065457
0.178905
0.159721
0.181093
0.081161
0.214361
0.179141
0.196213
0.075859
0.134737
0.170695
0.137429
0.172269
0.201471
0.183469
0.219757
0.149324
0.158214
0.198241
0.166877
0.150920
0.160463
0.150651
0.186572
0.210975
0.150071
0.127301
0.205647
0.167342
0.188520
0.127077
0.221826
0.200730
0.137346
0.135420
0.169142
0.192542
0.079704
0.199784
0.178537
0.171034
0.136367
0.143966
0.215378
0.143994
0.219512
0.151219
0.192967
0.121828
0.140788
0.170747
0.143972
0.173534
0.153383
0.077878
0.099676
0.198200
0.112295
0.099959
0.157559
0.179932
0.198391
0.130110
0.083673
0.102521
0.190183
0.086095
0.146683
0.118917
0.209581
0.191009
0.141909
0.218019
0.117335
0.179802
0.176099
0.150450
0.197642
0.101806
0.149483
0.106319
0.104251
0.200781
0.148672
0.105061
0.048634
0.132738
0.098681
0.087157
0.139305
0.153585
0.147859
0.153330
0.204195
0.187373
0.127689
0.220851
0.118043
0.130971
0.133438
0.114576
0.173206
0.091862
0.142862
0.194711
0.155233
0.156932
0.076267
0.205929
0.204291
0.127824
0.174425
0.090426
0.179064
0.176290
0.173458
0.180493
0.067418
0.106525
0.143009
0.081447
0.136959
0.189185
0.198903
0.191637
0.122153
0.063151
0.098852
0.096143
0.125212
0.103282
0.146631
0.189568
0.212054
0.149861
0.117444
0.217005
0.155584
0.204087
0.116249
0.119664
0.103373
0.087296
0.139316
0.185385
0.147359
0.186158
0.212305
0.070057
0.212588
0.112061
0.162067
0.149886
0.132375
0.203308
0.098180
0.191538
0.104899
0.166334
0.081817
0.126630
0.212069
0.210088
0.190945
0.142573
0.199044
0.172966
0.155801
0.120734
0.112443
0.161977
0.188299
0.220502
0.152600
0.154658
0.174178
0.120425
0.155600
0.153192
0.092800
0.185912
0.072876
0.080078
0.141484
0.153137
0.196983
0.104990
0.131616
0.093943
0.182378
0.124972
0.189838
0.114810
0.124911
0.099005
0.134033
0.133686
0.161951
0.216445
0.210928
0.142268
0.182503
0.140640
0.071961
0.087994
0.107936
0.061552
0.201624
0.119545
0.046349
0.164295
0.112221
0.224188
0.214581
0.209727
0.166572
0.187026
0.197789
0.218406
0.154022
0.216055
0.093754
0.040891
0.126297
0.126405
0.044560
0.186693
0.185964
0.153395
0.103085
0.155487
0.128109
0.178263
0.104384
0.129495
0.100429
0.154730
0.136536
0.072752
0.151445
0.193741
0.147124
0.137833
0.040436
0.138966
0.066413
0.207563
0.119805
0.200418
0.047639
0.135559
0.153396
0.218526
0.096018
0.087342
0.160989
0.092284
0.198281
0.107604
0.094756
0.126022
0.156565
0.144797
0.173333
0.186600
0.117486
0.191685
0.183851
0.070111
0.050329
0.137389
0.160742
0.216203
0.099394
0.120723
0.143995
0.218498
0.216444
0.164022
0.214969
0.223689
0.018526
0.171982
0.147677
0.189058
0.165882
0.153374
0.169207
0.174515
0.206215
0.170474
0.118160
0.176614
0.195082
0.137239
0.150080
0.149710
0.161740
0.158521
0.065980
0.166329
0.070013
0.115205
0.092282
0.099904
0.211355
0.188118
0.141976
0.221359
0.112309
0.122669
0.210858
0.149124
0.173723
0.101546
0.091723
0.154515
0.147662
0.167237
0.125119
0.082488
0.205565
0.117360
0.181609
0.137588
0.114479
0.214467
0.172429
0.190679
0.169250
0.201421
0.114879
0.118391
0.165736
0.040983
0.057386
0.058248
0.181849
0.094860
0.154960
0.097202
0.167813
0.144083
0.178174
0.128053
0.143736
0.195811
0.207234
0.168377
0.135411
0.147538
0.158962
0.162824
0.039887
0.177754
0.155223
0.202094
0.205280
0.193216
0.159645
0.201303
0.219156
0.063493
0.118207
0.124412
0.084529
0.189226
0.177603
0.186891
0.114435
0.176183
0.119172
0.150631
0.121294
0.169339
0.202189
0.169491
0.206574
0.131424
0.212994
0.199723
0.091556
0.171949
0.104500
0.173974
0.148457
0.123960
0.111722
0.101803
0.191921
0.171216
0.178487
0.220639
0.146904
0.202416
0.127612
0.167610
0.105988
0.072513
0.091898
0.159434
0.104311
0.223298
0.118845
0.112549
0.162425
0.221915
0.203589
0.094061
0.191817
0.136051
0.216017
0.163242
0.022472
0.150378
0.116856
0.193944
0.192454
0.111002
0.140157
0.181807
0.141600
0.126860
0.147289
0.213866
0.162607
0.201672
0.216613
0.177548
0.151460
0.192764
0.125279
0.132429
0.041008
0.195234
0.134796
0.079457
0.056432
0.144886
0.141894
0.135514
0.219741
0.159488
0.202369
0.189139
0.170554
0.170533
0.148690
0.111493
0.186858
0.207961
0.164082
0.199597
0.138266
0.073816
0.149219
0.214255
0.193168
0.182940
0.156043
0.117691
0.145535
0.094861
0.213085
0.176520
0.190065
0.124936
0.149762
0.151051
0.117089
0.090313
0.063441
0.134087
0.091982
0.193868
0.055427
0.184120
0.117081
0.202425
0.105606
0.134660
0.084589
0.177554
0.195958
0.124361
0.165398
0.071467
0.108474
0.194563
0.170105
0.154994
0.057202
0.221797
0.085771
0.062561
0.167869
0.206844
0.103815
0.158020
0.170856
0.201608
0.164648
0.219227
0.116564
0.168887
0.105875
0.152909
0.192386
0.133276
0.187399
0.168514
0.130723
0.176967
0.118239
0.089043
0.113113
0.158267
0.181521
0.136044
0.124396
0.066844
0.202208
0.105533
0.196757
0.137894
0.072091
0.113110
0.179014
0.123021
0.149007
0.200165
0.171945
0.148757
0.136593
0.124152
0.224552
0.179689
0.087989
0.111700
0.159315
0.099118
0.211432
0.179161
0.156059
0.156635
0.161976
0.128536
0.145094
0.145114
0.158772
0.174654
0.121792
0.112192
0.170390
0.175915
0.158775
0.135007
0.080306
0.171785
0.159707
0.080776
0.134188
0.117245
0.041244
0.114844
0.193573
0.206713
0.129875
0.211866
0.117722
0.166414
0.166390
0.169984
0.147888
0.215559
0.129016
0.156802
0.171912
0.204651
0.108493
0.163025
0.151647
0.187680
